-13.2307
-12.9523
-12.2292
-11.8457
-11.4127
-11.0883
-10.8942
-10.7363
-9.592
-9.454
-8.9603
-7.5763
-6.306
-6.589
-7.084
-7.8907
-7.9777
-8.4752
-8.5062
-8.2388
-8.4398
-8.7228
-8.087
-5.9289
-3.9763
-3.5339
-3.1346
-4.0713
-5.327
-5.7019
-4.4422
-1.9667
-0.2386
0.4404
2.3897
3.8125
4.8583
5.0304
4.3048
3.0357
1.7113
0.3086
-0.3409
-1.1915
-1.6154
-1.1589
-2.2125
-2.5117
-2.9993
-4.1272
-4.178
-3.8184
-3.0501
-2.5147
-2.8424
-4.5767
-3.4884
-2.9234
-2.6497
-2.7601
-1.7796
-0.894
-0.6671
-1.8152
-3.5707
-4.6775
-6.084
-7.0743
-7.558
-6.9735
-7.7888
-8.5158
-8.8868
-9.0472
-8.5693
-8.6753
-8.7645
-8.9387
-8.9447
-6.724
0.7194
3.6322
2.0237
2.7277
3.9036
5.9804
6.0704
4.9529
2.245
1.6191
1.4221
1.5149
1.1411
1.5326
1.8746
1.5484
1.6514
1.6775
1.8953
2.9545
3.1769
2.6418
2.6823
2.333
4.3236
4.9881
5.0588
6.4161
4.8346
5.145
5.0056
5.9097
4.2111
3.7228
3.6018
3.5316
3.5009
3.5397
3.3986
3.6386
4.0403
3.9089
3.7026
4.6971
3.565
3.6505
3.0971
3.923
7.7287
8.7175
10.2782
10.7322
11.034
11.7492
12.8435
11.8567
10.1995
9.18
9.1475
9.3138
9.6872
10.1273
10.1863
9.2845
8.8762
8.8042
8.672
8.4478
8.2807
8.1187
7.8957
6.0829
4.2374
3.9353
3.8812
4.5697
5.7168
6.4642
6.558
5.2417
2.6077
0.8997
-0.2779
-0.7849
0.8114
2.1213
2.3939
-0.3746
-1.1958
-1.3466
-1.3167
-1.171
-1.8829
-1.5245
-0.8316
0.2458
4.6041
5.5152
8.0763
9.7762
10.3497
8.8738
8.0895
6.7556
5.4924
4.9602
4.0487
3.5585
2.4972
1.6935
0.8178
0.6147
0.2268
-0.3947
-0.521
-0.1167
-0.4468
-1.2682
-3.0695
-4.8007
-5.3073
-5.2507
-5.5277
-5.9188
-6.2014
-6.2915
-6.3649
-6.5826
-6.9034
-7.2468
-8.0417
-8.3945
-9.535
-10.2947
-10.9678
-11.3592
-11.8172
-12.9928
-14.1807
-15.1365
-15.2087
-15.6943
-16.2127
-16.3773
-14.3495
-11.7422
-11.1502
-9.8235
-10.3513
-9.5108
-9.5758
-11.0627
-13.2215
-14.4212
-14.141
-14.1092
-14.0397
-13.548
-13.0212
-12.775
-13.2298
-13.503
-13.5907
-12.7127
-13.426
-13.6327
-12.687
-13.0045
-11.082
-10.4622
-10.3762
-9.8608
-8.9632
-9.2085
-9.2328
-10.485
-12.6227
-13.3838
-13.4545
-13.4333
-14.3107
-14.092
-14.5163
-14.7328
-15.2992
-15.4692
-15.2363
-14.6722
-13.5532
-13.0705
-12.7577
-12.2472
-11.2963
-10.1097
-7.9881
-4.719
-2.2461
0.5139
-1.5481
0.2663
-0.8957
0.5535
3.2069
3.7849
3.5465
3.3299
3.29
4.0698
5.3372
5.7343
5.57
5.5098
5.6702
5.6933
6.2341
5.9789
6.452
7.7218
9.0953
9.0472
10.498
11.2312
11.5995
11.4778
9.7062
7.237
6.432
6.18
6.2227
5.9786
6.1412
7.5152
7.4248
6.867
5.3178
5.5272
2.3878
3.5591
3.987
4.7106
6.5591
7.6282
8.4592
9.4167
10.311
10.5772
12.2188
11.381
8.0061
6.5044
6.0646
5.6292
5.4601
5.1556
5.1681
5.2753
5.2595
5.3925
5.3127
5.5259
5.7169
6.0392
6.2062
5.8121
6.6224
8.336
6.9975
8.4532
7.8204
8.2217
8.0963
8.3432
8.646
6.2287
6.2497
5.3691
3.0252
2.8547
4.9518
5.2743
5.0746
5.287
3.7282
2.4019
1.8228
1.4878
1.4126
1.69
4.5739
7.0499
6.4864
7.5697
8.5922
9.8378
10.3603
10.5843
10.8207
9.8125
10.2778
9.5302
9.422
10.5275
11.1582
11.2505
11.3475
10.4852
10.5092
10.7467
10.2025
11.0527
10.4523
9.1707
8.9557
10.7305
9.3747
7.5799
10.275
10.2115
10.1078
9.9917
7.9532
5.5422
5.3086
6.0467
6.3411
6.1522
3.9876
3.0653
4.2291
5.1231
5.1614
4.3414
3.3175
3.5733
4.1711
4.2989
6.0686
6.1727
7.5721
8.5752
8.5627
8.6333
9.184
9.4655
8.262
7.0062
5.4068
4.5266
5.5719
5.5498
5.3353
4.4691
2.9315
1.8873
-2.7175
-3.6607
-3.9208
-4.1942
-4.047
-4.2717
-3.1828
-1.1043
0.6107
2.5703
3.7458
4.3536
-3.7741
-6.5138
-7.9852
-8.3183
-8.2418
-8.0465
-8.1617
-8.9355
-9.3685
-9.2472
-9.7692
-9.6492
-9.5708
-10.216
-10.2878
-10.6755
-10.7268
-10.9793
-8.4984
-6.0568
-5.4745
-5.2312
-3.0356
-1.5147
1.4373
0.9952
2.0023
2.2595
1.2272
2.896
4.6444
3.0462
4.4613
3.1399
5.0645
4.9343
3.6841
3.1831
3.0928
2.7768
2.2494
1.6712
2.4014
2.8759
3.2517
4.0808
4.6369
5.122
5.8851
5.968
4.1749
3.205
2.9858
2.6367
2.1453
0.9096
1.7118
3.5611
3.0335
3.2445
5.8727
5.9515
5.8195
5.5534
5.6017
5.817
5.4662
4.7052
5.8059
5.6924
5.7602
3.5247
4.5594
3.1459
2.5789
0.4365
-0.1688
-0.2834
-0.8743
-0.4032
-1.377
-1.2121
-2.0466
-2.955
-3.7382
-5.3319
-5.1634
-5.7847
-4.6638
-1.4061
2.5776
4.641
6.7376
7.9373
7.2408
5.6807
4.9874
4.8174
4.223
3.7632
3.5591
3.8285
4.2167
3.7102
3.9175
3.4966
2.9885
2.3792
1.4823
1.4813
0.5852
-0.7334
-0.9936
-1.4615
-1.5914
-1.2488
-1.577
-0.0442
-0.093
0.1716
0.8701
1.6194
1.0489
-1.1098
-1.9316
-2.9027
-3.0961
-3.2126
-3.322
-3.6133
-4.3732
-4.1694
-4.3836
-3.7028
-3.217
-3.2745
-3.106
-3.52
-1.1889
0.1483
0.9322
2.6139
3.4903
3.637
3.3844
4.6012
3.6118
3.048
2.0296
1.3162
0.4741
-0.0175
-0.597
-1.2503
-1.4389
-0.7229
-0.109
-0.4978
-0.7484
-0.7154
-0.4849
-0.5064
0.2879
3.4228
3.68
4.6746
5.3546
5.857
7.251
7.6325
6.516
4.6725
3.947
4.1827
4.5831
5.4886
6.1908
6.5464
6.8949
7.1578
6.8687
6.7281
6.3339
5.9814
6.0219
6.0571
8.7491
8.7333
7.969
10.1273
11.2112
11.5993
12.5215
12.7478
11.1155
9.0947
8.454
8.2387
8.0868
8.039
7.951
9.0253
9.6642
10.123
10.2915
9.8915
9.7752
9.8897
9.7427
10.4835
12.3282
14.2978
16.4765
18.239
17.9122
17.7518
17.9245
17.1325
15.4853
13.0653
10.7338
9.4335
7.6058
7.4225
7.1138
6.621
6.1273
5.7861
7.3093
8.4408
7.5103
7.7129
9.5902
8.7102
10.2647
13.504
12.909
12.402
14.7727
14.5175
11.6438
10.052
8.5177
6.6736
5.3572
3.6663
3.0213
2.2037
1.7345
0.369
0.7259
-0.4303
-1.6485
-0.0637
1.5548
-1.6823
-1.7852
-2.4741
-0.9471
0.5128
1.3287
2.3992
3.3208
4.2328
4.3235
3.9325
4.0805
1.4934
0.1843
-0.8507
-1.1114
-1.5884
-2.3218
-3.2849
-2.9974
-2.9589
-3.0035
-3.4626
-4.1323
-4.3256
-4.7774
-8.8898
-10.4985
-12.5493
-13.5195
-13.7677
-14.0437
-14.2623
-14.2877
-14.8358
-15.1225
-15.659
-16.3445
-16.6628
-17.0403
-17.786
-18.4433
-19.3367
-19.9517
-20.7423
-22.0103
-23.544
-24.0398
-24.2337
-24.3182
-25.0673
-23.4733
-22.5793
-22.8718
-22.3177
-21.5222
-21.0213
-21.1488
-20.9213
-21.2793
-21.6587
-22.3245
-23.0232
-23.9745
-24.4402
-24.4687
-24.7137
-24.832
-24.9402
-25.2835
-26.0908
-26.4897
-26.5192
-26.5047
-26.3263
-21.4293
-20.404
-19.4735
-18.534
-16.317
-16.0308
-14.6487
-14.32
-15.0232
-17.486
-18.7732
-18.4235
-17.9918
-17.3893
-16.7563
-16.9318
-16.6265
-15.0325
-13.8228
-12.6653
-11.3868
-11.1765
-10.942
-8.3736
-6.3631
-4.6381
-2.8213
-1.8167
-1.1524
0.2169
-0.8015
-2.1559
-2.5327
-2.854
-3.0027
-2.984
-2.5567
-1.9505
-1.6905
-1.4343
-2.5072
-2.9765
-3.242
-2.9534
-2.6141
-2.1661
-1.7303
-0.2528
2.9179
4.3693
5.0814
4.2769
2.4304
4.1773
4.2952
3.6706
2.9899
2.0476
1.0181
1.5606
3.5359
4.0001
3.8246
4.2855
4.9521
5.3763
5.3074
5.0894
4.9239
4.6592
4.1278
3.389
3.5311
1.5208
2.5611
3.5253
2.941
0.3834
-1.2519
-1.7339
-1.68
-1.9211
-2.1115
-2.2243
-2.5764
-2.7278
-3.1377
-3.5736
-4.2656
-4.9741
-5.4264
-5.4345
-5.511
-5.5709
-5.5234
-5.4869
-5.5587
-5.2802
-5.5598
-4.0822
-2.8326
-2.1849
-3.9365
-4.8617
-5.5744
-6.5732
-6.5458
-6.9481
-7.8177
-7.9243
-8.6145
-8.8837
-9.75
-10.15
-10.738
-11.2847
-10.8508
-9.2988
-9.7797
-8.3721
-6.9437
-4.3006
-1.7016
-0.248
2.7331
1.8324
3.257
3.2047
2.8648
2.0044
2.0522
0.9119
-0.4784
-2.021
-9.6707
-11.6873
-13.9097
-15.1655
-15.6518
-16.2155
-16.231
-16.5188
-17.0067
-17.2
-17.2515
-17.2563
-17.1743
-16.3957
-16.3852
-16.359
-16.5468
-16.3575
-17.0362
-17.697
-18.1322
-17.9332
-18.1568
-19.24
-19.9923
-20.4
-20.8075
-21.0738
-20.562
-20.0115
-19.5605
-19.1717
-18.9522
-17.1877
-13.6175
-10.1408
-10.4448
-8.4947
-7.6815
-7.1835
-5.9611
-5.6065
-6.2414
-9.1177
-7.9094
-6.5424
-6.6739
-6.8404
-8.4687
-8.5412
-12.3562
-13.4912
-11.2405
-7.6208
-6.3449
-6.0669
-7.0375
-6.4345
-4.0294
-2.5662
-1.7179
-0.4238
1.0031
1.8085
2.1662
0.6145
0.0917
-0.8253
-1.1394
-0.967
-0.7114
-0.6247
-0.9057
-0.9435
-0.8482
-0.9498
-1.3511
-1.1557
-0.7548
-0.797
-0.8978
-1.597
2.0065
2.759
3.0721
1.8917
3.4902
4.5838
4.5604
5.0002
5.0454
2.611
1.5791
1.4842
2.5003
1.4361
2.3282
2.2387
1.8774
3.3171
2.2018
2.0326
3.8455
3.1885
4.7845
6.6519
10.0347
9.6362
8.7172
9.2477
9.54
9.3058
9.4552
10.24
10.1128
9.3883
8.778
8.7635
8.8067
9.0977
10.0242
10.1023
9.1887
7.8148
8.5328
10.9877
9.8875
9.2103
10.5275
12.3018
12.6198
12.739
13.7668
13.183
15.1875
18.3068
16.86
14.4032
13.5768
11.6085
10.9962
10.4817
9.2933
8.241
6.4593
6.3303
6.1898
5.8286
4.6569
3.8133
3.149
2.9689
2.1346
2.2675
2.961
4.7386
6.6101
6.2134
7.7567
9.6022
13.943
13.6793
12.2843
11.027
8.6742
7.3589
7.7276
8.4649
9.4512
10.0328
10.1823
8.6668
9.0957
7.801
8.2978
8.8043
8.741
9.1747
10.4788
11.3807
13.2557
14.2648
15.7495
17.0888
18.3163
18.9702
17.2655
13.7628
10.6367
10.0878
10.3202
10.3877
9.3808
7.6835
7.947
7.6415
9.2385
10.5462
9.0193
9.3687
10.7517
10.298
12.3333
13.8345
14.3177
15.235
16.5712
17.9863
16.3448
15.7142
13.4547
11.6648
10.7185
9.5037
9.3042
9.6297
9.8917
8.7857
8.86
8.7215
8.3712
6.7411
5.7219
6.0933
5.7582
4.4149
3.5056
2.9206
4.4188
6.8396
8.5558
7.7702
7.8978
8.477
8.7707
6.8604
4.8789
2.6966
2.0671
0.9076
-0.4978
-1.181
-2.0138
-1.9125
-2.2037
-2.2154
-2.0898
-1.7729
-1.3317
0.6221
4.3479
3.6525
5.0498
7.3022
8.654
8.9027
9.8207
10.3462
9.4885
8.2257
6.8722
6.5992
5.435
4.8719
3.8208
4.1115
4.5102
3.395
3.0693
3.3369
2.6009
2.9923
2.9613
3.0427
3.5462
4.4752
6.1692
8.3258
9.8983
10.8018
12.3978
12.899
11.1458
11.4855
8.456
5.0288
4.915
4.7167
4.9236
4.5689
3.9786
4.8141
4.7704
4.642
3.7574
2.5895
2.6618
3.6804
4.1739
4.614
4.9511
5.2143
5.2863
5.5111
5.7025
5.6461
4.6486
3.3998
2.3857
1.4122
-5.1878
-6.5434
-6.9408
-7.2438
-7.4123
-7.4055
-7.4325
-7.6813
-7.9832
-8.3417
-8.8155
-8.5732
-4.7727
1.3466
3.1397
4.5313
5.6806
6.4537
6.9004
8.1445
7.5469
4.5561
2.42
1.8609
1.0533
0.3563
-0.6037
-1.0303
-1.5688
-2.0321
-2.7192
-3.8883
-4.56
-4.1321
-3.0134
-0.331
4.3951
5.1621
4.5192
6.2018
7.2109
7.865
9.0198
9.4565
9.0993
7.9607
5.5897
3.6345
2.6903
2.6427
3.9588
2.0952
1.3168
1.5168
0.8824
0.3635
-0.8148
-1.7794
-1.456
1.394
4.9445
3.8985
5.1024
6.6039
7.581
7.8903
8.5868
7.837
6.8721
4.5972
3.4707
2.6282
2.1226
1.3829
0.9708
0.4244
-0.4909
-1.57
-2.2775
-2.6128
-4.7228
-5.9818
-7.004
-5.7711
-3.8846
-1.906
-0.9035
-0.0938
1.1568
1.8245
2.2252
4.0279
3.0759
1.3241
0.6487
-0.7116
-4.9267
-6.4342
-6.9203
-7.4495
-7.8897
-8.1628
-8.5288
-8.4958
-8.534
-9.3218
-9.5452
-9.601
-9.602
-8.6305
-7.2263
-6.6315
-6.6507
-6.7934
-7.6215
-6.8199
-6.3923
-6.5355
-6.8804
-7.2262
-7.0751
-6.5723
-6.1519
-5.9586
-5.6409
-5.8269
-4.4832
-1.372
0.7832
2.153
2.8443
4.1094
6.0103
7.8268
9.647
11.191
12.3725
13.1908
12.5997
11.5285
10.7243
9.0778
7.509
6.8352
5.9022
5.3262
5.5563
5.9999
5.8926
6.0511
6.2095
6.1314
4.5738
3.765
3.1363
5.6595
6.5924
6.5851
4.3208
4.263
4.907
5.1665
5.731
5.4814
5.4056
4.99
3.4169
1.0426
-0.3604
-1.3396
-1.3833
-1.5878
-1.7923
-2.1861
-0.8194
1.771
0.7585
1.3509
2.0949
3.2781
6.2332
6.2812
8.76
12.394
14.9647
16.3972
16.3928
17.0843
16.6112
14.3458
12.3245
10.973
8.9698
7.4522
5.525
4.9602
4.4325
3.5182
3.401
3.3447
2.9252
2.5488
2.1404
4.9426
9.6083
9.9797
10.4955
11.189
12.1818
13.1883
14.3343
14.8233
12.9435
11.1988
9.3013
7.2634
5.8709
5.6842
5.1627
4.5968
3.9214
3.0355
2.3586
1.3349
1.166
-0.0927
-2.7932
0.3486
2.5819
3.9192
5.6724
7.5854
9.8377
10.6905
11.4628
13.842
13.335
11.8192
10.4902
9.8243
9.6362
9.558
8.8945
8.2133
8.302
9.1257
9.4
9.6652
9.3083
8.2855
6.7299
9.2892
12.412
13.9022
14.4505
14.4065
14.5053
11.719
13.2623
12.4163
11.0908
9.8977
7.8934
5.6002
6.0742
4.9862
3.9235
2.9709
2.6932
2.1207
2.0476
2.03
2.2146
2.4608
1.8559
1.5465
3.381
3.8224
4.5489
5.2905
5.654
5.3271
6.3032
6.7038
5.1232
3.4595
2.1135
1.3536
1.1698
1.4055
1.1502
1.5725
-0.954
-1.9088
-1.0665
-0.6533
-1.1653
-1.6632
-0.0636
1.9983
2.7318
4.4256
6.6881
7.1141
7.9858
8.7023
8.75
9.37
9.2793
6.0644
5.1859
5.0861
5.1005
5.6268
5.1857
5.577
5.5224
5.5045
4.7394
2.7713
2.5705
2.2789
1.8333
3.0122
6.2381
8.5412
8.2957
8.5628
8.5358
8.449
7.7103
7.0401
6.1714
5.0755
2.9892
0.6354
0.3927
-0.3826
-1.4563
-2.2218
-2.3757
-3.0843
-3.5574
-4.0548
-5.1357
-5.6062
-6.084
-6.6058
-6.6631
-6.4662
-6.6338
-6.5451
-6.4344
-6.4151
-6.2997
-6.19
-6.1597
-6.1002
-5.8917
-5.7196
-5.8802
-6.2608
-7.2175
-7.363
-7.3823
-7.499
-7.5897
-7.6412
-7.678
-7.511
-7.3222
-7.1755
-7.0983
-6.9118
-6.6382
-4.6674
-2.438
-2.8404
-2.8597
-2.0629
-1.2648
-0.9038
-1.8183
-1.9782
0.1419
0.9634
1.6538
1.8412
2.0337
1.3311
1.278
1.6731
-0.4765
1.4299
1.8828
1.6529
3.8037
5.0506
6.7014
7.592
8.7412
9.5258
9.9285
9.3905
8.743
9.4632
7.8897
7.7298
7.4563
7.3745
6.5952
7.0211
5.3778
6.0353
6.5192
6.5604
6.7227
6.6755
6.6573
8.8843
11.8048
13.5655
15.2003
16.2622
17.8348
18.4727
18.475
19.3888
18.7558
17.0262
14.0267
13.1128
10.9262
10.7888
10.1778
8.438
8.5808
8.0983
11.0002
12.6525
12.7362
12.6555
12.531
12.7122
13.8268
15.4925
16.9085
17.3422
17.8997
17.3542
18.4937
19.3058
18.6303
16.4975
12.1445
10.2573
8.8772
7.7377
6.5174
5.3805
4.7321
2.9185
1.9701
2.0271
1.9291
1.5722
0.9167
4.1176
6.2221
6.7325
8.2755
9.5617
10.3417
10.3468
10.1403
10.1007
9.277
7.7578
6.2343
4.8902
3.8859
3.8719
4.5925
4.0933
3.7993
2.7212
1.7516
2.2845
1.0422
0.9612
1.0583
1.7353
4.8578
5.2415
7.6405
9.1928
10.2685
10.2637
11.2945
12.0667
10.4115
9.1688
7.3979
6.5754
5.7657
4.3487
2.8386
2.3003
2.2221
2.1191
2.5668
2.8678
3.2696
3.9858
2.4064
1.44
4.253
3.514
8.143
11.7502
15.3837
15.9747
16.617
16.4198
15.4425
14.538
13.2505
12.5365
11.519
9.8748
9.1475
8.614
7.4066
7.7337
7.027
5.3176
4.8022
5.3676
4.308
4.3004
4.3662
5.1346
5.526
7.2448
8.1388
8.6317
11.1007
12.744
12.4212
12.623
10.3037
8.7863
8.8067
7.962
7.9997
7.6882
7.8315
7.6137
8.3155
9.6883
9.8418
9.3538
9.417
10.595
12.5115
14.4747
16.113
17.961
19.4185
21.1222
22.4755
22.9353
21.262
20.7387
18.91
18.1315
16.9667
14.9127
14.0602
13.1465
13.8595
15.7637
14.8243
14.9997
12.1435
6.1734
4.6112
5.2256
6.5134
7.5885
8.6827
9.888
11.332
13.073
13.0427
12.5865
11.1863
9.3088
7.8992
5.7807
2.6227
0.5132
-0.2202
-0.5995
-0.8014
-0.7854
-0.9639
-1.1636
-1.2921
-2.0328
-1.9018
0.2013
3.6774
3.1774
3.8553
5.8546
7.6657
9.7915
10.9088
12.44
11.917
11.4523
9.1523
7.9688
6.4413
5.7615
5.4287
5.7172
4.9508
4.6949
4.3622
3.6184
2.2792
2.0286
1.6414
4.337
6.6655
8.5832
11.7862
16.2297
18.941
18.8377
19.6492
19.1078
18.8422
17.1625
15.3313
14.1632
11.609
10.5637
9.8115
9.8598
8.8325
8.846
8.0808
8.7262
8.8867
8.2118
7.8832
9.7918
12.3418
13.733
15.0172
16.0795
15.9482
16.8158
16.6852
16.3215
15.6338
15.0158
14.0277
14.1213
13.9245
11.8775
9.9053
8.9037
8.4787
7.6448
7.0541
6.3692
5.7391
4.0637
3.5848
4.9135
6.9955
7.7743
10.3803
12.8807
15.7348
21.324
21.2717
20.524
19.2972
18.3015
17.4435
16.6338
15.886
15.367
14.4728
13.5845
12.389
11.0688
7.8394
4.5758
5.2693
4.9446
4.7786
5.2289
6.0072
7.7913
7.2342
6.8236
8.5233
8.1413
8.514
8.0813
6.4348
5.1989
5.0967
4.3263
3.6718
4.1478
4.0014
3.5279
3.4197
3.349
3.0247
2.7689
2.8725
2.726
3.2395
5.0051
6.3797
7.5348
8.9565
10.2885
11.7812
11.9885
12.5792
12.4965
11.9965
10.6218
9.2052
8.0801
5.611
4.0941
2.4804
1.3178
0.5796
-0.3014
-0.8311
-1.4588
-2.2868
-2.9686
-3.1465
-1.4075
0.6546
2.0971
4.2887
5.5249
6.0972
7.1099
7.2122
6.4882
8.4988
6.1986
5.4214
5.6305
5.3563
5.1816
4.9343
3.7316
2.9659
2.7605
2.228
2.3375
2.336
2.0959
2.7775
5.8108
7.3813
8.4518
9.9428
10.6012
10.1187
9.6188
9.8775
9.965
9.8288
9.4988
8.123
6.2185
5.9001
5.0717
3.1478
1.646
0.5208
0.6042
0.4518
-0.3061
-2.0312
-2.0152
-0.7111
3.5049
4.7647
6.2341
8.1182
9.3473
9.5997
9.4297
9.2697
9.2418
8.7058
7.9853
7.59
7.0571
6.2123
5.1951
4.0212
3.0462
2.7748
2.2766
1.5573
0.4212
0.1696
-0.1311
-0.0884
1.1713
3.5167
5.0289
7.0027
8.5292
9.6863
12.3607
12.5847
12.7375
11.3482
9.7178
8.1988
6.425
6.9444
2.2402
0.9796
0.6576
0.426
0.2971
-0.3
-0.5437
-0.4751
-0.1083
-0.4593
0.1663
2.27
3.098
2.492
3.5994
6.0977
8.139
8.1623
8.4053
7.7241
6.5333
5.4275
4.7204
4.7978
3.7984
2.5058
1.6729
0.8716
-0.1344
-0.9066
-1.082
-0.4713
-0.7914
0.3084
2.9932
3.596
3.0029
3.9221
5.1286
5.8312
7.0562
8.353
8.2142
7.8655
7.6165
6.4746
5.7688
4.6302
3.8006
3.5155
4.3009
4.2533
4.0974
4.204
4.2911
3.3294
3.5199
4.0219
4.5385
5.9155
6.8295
7.1656
8.609
9.4768
10.2608
10.6035
10.0002
9.2082
9.127
8.806
8.8683
9.4757
9.3753
9.3802
9.5348
9.8665
9.856
9.9433
9.925
10.0322
10.0572
10.5445
11.4223
12.5065
13.5957
14.9
15.4707
16.5173
16.2115
16.4873
17.185
16.04
15.8635
14.856
14.4838
14.3592
14.081
13.2327
13.3743
12.4313
11.5637
11.4857
12.3618
12.51
12.62
13.484
15.0058
15.9803
13.1527
11.6492
13.2755
14.4282
16.214
17.4138
19.6885
19.2252
17.755
16.1477
14.7353
15.0353
13.0075
11.8852
11.1597
10.268
10.9152
10.8008
10.3193
9.6175
9.8402
11.0413
13.4397
17.2492
21.3092
22.0195
24.2578
25.1948
24.628
25.4222
25.0442
24.3307
23.0197
21.1173
19.7068
19.4653
19.389
19.5612
18.7143
18.2625
17.3925
16.531
15.6065
15.2928
14.6958
14.2283
15.43
15.7018
8.2862
6.573
2.5067
0.3713
-0.1736
-1.1436
-1.6789
-1.9613
-2.061
-1.8789
-1.9157
-1.926
-2.9278
-3.3813
-3.4052
-3.0151
-3.8593
-4.9499
-5.5397
-5.4444
-4.5055
-2.4153
-0.3667
0.3209
1.624
3.1169
5.4773
7.4462
7.8625
9.2525
8.1658
8.9267
8.2187
7.7077
7.0752
6.9257
8.3341
9.073
8.5653
8.0352
8.1353
8.4527
8.7055
9.64
10.457
12.6353
14.0107
15.1937
17.2265
19.5767
20.805
21.2288
21.7907
22.0278
21.3648
20.5097
19.3837
17.9188
16.3848
14.8278
13.5855
13.0798
13.19
11.1662
7.1056
6.2907
5.8949
5.0901
4.1105
3.3966
3.0021
2.4753
2.3889
3.1817
4.0643
5.3674
6.1722
6.7789
6.7184
7.0083
7.0276
6.6261
6.4066
6.2644
6.0323
5.5305
4.9579
4.6365
4.6626
3.6808
3.7055
2.4075
2.1707
2.3521
2.9939
4.2543
6.3114
7.5134
9.175
10.5097
11.6178
12.6185
13.1435
13.0133
13.0478
10.7838
9.2292
8.6183
7.6734
7.422
7.3403
8.6088
9.2815
9.497
7.5686
4.8873
6.0879
1.817
2.3695
4.9959
7.8084
9.6372
13.4688
18.7685
20.606
21.4312
21.6717
20.4188
19.5613
18.0672
16.648
15.6772
13.6705
12.2328
10.8922
9.7053
7.9055
6.9817
6.2868
5.94
5.3299
6.0258
8.8947
8.8222
9.927
10.9257
12.671
15.2105
18.0693
19.2915
18.7103
18.1737
16.6215
15.0408
9.7223
7.3465
5.8722
4.6558
4.6039
4.7192
4.3067
3.5602
3.1059
2.4933
2.141
3.1059
4.2302
5.151
6.5612
7.8267
9.147
9.6187
9.3218
9.8268
8.9975
8.0585
7.4842
6.2503
4.9501
4.5688
4.5943
4.5139
4.3285
4.3279
4.3469
4.6695
4.1271
4.1277
4.3784
5.6998
8.2686
9.2777
9.1517
11.0785
12.6972
13.9252
15.0913
15.9163
16.5928
16.588
15.4967
13.4352
11.3435
10.827
9.1612
8.0357
7.3418
7.4557
6.5452
6.0039
5.7582
5.3275
4.4983
6.6581
11.8517
13.159
13.6548
13.6935
14.606
15.2497
14.8808
14.653
14.4727
14.2872
13.9922
13.2932
13.1383
12.0493
11.1677
9.9093
8.9895
7.1505
5.2679
4.4656
3.5044
3.1311
3.108
4.2175
3.6429
3.5534
4.001
4.272
4.4996
5.4774
6.2064
7.0435
7.4212
7.2619
6.3546
5.1175
3.6488
3.7318
3.6836
2.508
1.7853
1.5199
1.2361
0.6668
0.0395
-0.2666
-0.4628
-0.5403
-0.676
-0.7031
-0.527
-0.1321
0.645
2.5374
7.7717
9.7323
9.6808
8.9172
8.2708
6.793
5.6579
3.821
0.9133
0.3295
0.2639
0.807
1.377
1.364
0.9081
0.5435
0.2116
2.077
3.765
4.2686
5.0849
6.3986
7.2814
8.5238
10.2242
10.9887
11.3905
11.3098
10.501
9.4387
8.5938
7.5988
7.8364
7.667
8.043
8.6068
8.4402
8.7685
8.5303
8.399
7.7262
9.6875
11.2462
11.6852
12.931
14.9162
17.1995
17.127
15.7347
16.6375
17.356
16.6842
15.9348
13.9123
12.4077
11.0898
10.0155
10.0127
9.9247
9.6862
10.1065
9.5703
10.6717
10.5213
10.2385
12.145
16.6125
16.7915
16.8233
17.5748
18.636
19.717
19.6818
18.4382
18.72
17.8005
15.748
14.3097
14.3443
12.9885
11.6328
11.0917
10.3577
9.0097
8.0743
7.7325
8.7775
8.1573
7.0079
9.499
11.875
12.4215
14.15
15.3522
15.3578
15.1797
14.1952
13.7888
13.6317
13.224
10.7127
9.0137
7.1336
5.4444
4.6148
3.6895
3.34
3.671
4.1733
5.4269
6.7181
6.2882
6.1777
7.2651
10.0598
11.3587
12.674
11.9792
10.3553
10.6668
11.0142
12.2383
12.5553
12.262
10.177
6.3911
6.7562
7.1769
6.6357
5.4225
3.6532
1.761
0.6601
0.7561
0.8465
0.4478
-0.4052
-0.5292
-0.0121
1.7164
3.2548
4.6663
5.1457
6.0031
6.7046
7.3246
7.2917
7.039
6.3098
6.0431
5.6238
5.445
4.9916
3.9678
3.3703
2.7206
2.9042
3.0039
3.7245
3.6166
3.0587
2.8558
4.0301
7.0397
9.8898
13.4048
15.1023
16.3438
17.5463
17.9728
19.9102
17.3277
16.0623
13.794
12.5228
9.71
8.2377
7.7578
7.654
7.3017
7.1575
7.3037
7.2054
7.018
7.1856
8.3637
9.1887
9.5838
10.7395
12.0948
13.1568
13.7442
13.9895
14.2357
14.3088
14.3335
14.0812
10.8285
9.1033
8.0135
7.6537
5.4798
4.0346
3.4085
3.2768
2.9347
2.1639
1.1591
-0.1353
-0.7567
-0.0994
0.1018
1.0275
3.0361
5.9891
6.6799
7.109
8.2108
8.1365
7.001
5.5586
4.2339
3.9104
3.6247
3.535
1.1602
0.7205
0.999
1.0723
1.1285
0.8785
0.5386
0.1365
0.4508
1.135
1.8333
2.8166
4.1248
5.2992
6.3541
7.0298
6.6321
5.9477
5.0779
3.372
2.8959
2.2842
2.149
2.3046
2.1961
1.9849
2.145
2.1915
2.1741
1.981
1.8783
1.804
1.8039
2.1186
2.9901
5.2645
6.6184
8.923
10.5362
11.1985
11.463
12.348
12.4723
10.7778
9.688
8.5732
6.8145
5.833
3.9473
2.5775
2.1338
1.9131
2.3586
4.0846
4.566
4.579
6.5178
6.6345
7.3887
8.5122
8.2603
9.2328
9.4092
7.965
7.5762
6.223
7.4221
7.4578
6.9809
4.7887
4.3971
2.065
1.7625
1.4997
1.522
1.5995
2.4413
2.9126
3.1502
3.3193
4.2686
4.6867
5.1119
7.8142
8.3615
9.9897
10.7567
10.8197
11.1798
10.8693
10.9017
9.3093
6.8888
5.5908
5.8998
5.8512
5.6127
4.8775
4.6205
3.1379
3.1275
3.8012
4.0843
3.6231
5.9411
9.3967
12.0758
13.2573
15.7733
16.3308
17.8742
18.0783
19.1173
18.2127
18.3947
17.268
16.0517
14.7763
13.0897
12.0023
11.3308
10.6262
10.4032
10.3633
9.2033
9.2165
8.9232
9.4117
12.7998
15.5518
17.2248
17.6022
18.2722
18.5927
17.5112
14.858
13.5252
13.0248
11.2925
9.3602
6.9662
4.5011
1.6556
1.2612
0.0397
0.0204
1.0314
0.5723
0.4273
-0.0683
-0.3842
-0.1967
0.9743
2.0315
2.7783
5.0876
5.6309
5.07
5.8918
6.5842
5.2741
5.534
5.1323
4.8395
4.1126
2.7134
0.9362
0.9113
0.9794
1.0866
0.9087
1.0478
1.0146
0.7771
0.802
0.8586
1.9629
4.4078
4.5931
4.9056
5.1313
5.1634
5.517
7.6252
7.1945
6.7891
5.7225
5.6555
4.1279
3.649
2.9091
1.8726
1.4725
0.8738
0.9536
0.0313
0.0581
-0.0636
-0.0912
0.0189
1.3363
3.6944
5.3988
5.9013
5.4925
6.1122
4.7989
5.6597
6.5265
7.1775
7.7552
7.0283
6.4405
6.0956
4.2623
3.0807
2.9321
3.4069
4.4684
5.921
6.7387
7.6392
7.675
7.9993
10.764
13.0682
14.0353
15.3858
16.6028
16.8453
16.3662
16.0895
17.9278
17.4075
16.6227
16.531
15.2562
14.3068
12.8607
11.7737
10.5343
9.2783
9.5405
8.1352
6.6502
6.0025
6.3987
7.23
11.3852
13.261
14.2588
13.4938
13.0803
12.7295
13.1998
11.8633
10.4208
10.8477
11.745
11.935
9.4552
8.1028
7.1972
6.405
4.9012
4.3022
3.7272
2.4682
1.397
1.3918
0.6801
1.8284
5.2849
9.0228
10.27
12.071
13.5377
14.7418
15.952
17.6998
18.8177
18.9147
19.6058
19.6582
18.5313
15.7478
13.7222
12.2945
12.9978
12.6085
13.017
12.8963
10.7543
9.4798
9.4377
12.844
16.3088
16.2737
18.0265
21.3408
21.5487
22.5237
23.1597
23.1165
23.2227
22.9888
22.2763
21.3945
20.9485
19.6973
18.8315
16.722
14.9262
13.7008
12.6005
12.5225
12.6537
12.3662
12.2458
11.8742
13.5318
15.6917
17.165
19.4698
22.159
23.994
24.826
25.1428
26.9862
28.0385
26.987
25.8092
24.1353
20.9282
18.9318
17.4638
17.1772
16.1107
15.6312
13.8972
13.8095
13.2565
13.421
13.8902
18.5608
21.6808
22.2293
22.9497
23.8098
24.9603
25.471
25.8785
27.889
27.6167
27.9445
26.2177
23.8457
21.3565
19.845
19.4793
17.9402
16.9063
17.495
17.585
16.5957
15.0825
14.478
14.0572
14.5477
16.3053
18.0147
20.0857
23.215
24.4523
25.5207
25.0383
25.1082
24.1568
22.6172
19.7017
15.8557
14.6877
13.7558
12.5573
10.421
11.1952
8.9202
7.9798
7.0778
6.6139
6.4738
7.0731
10.7242
12.7212
14.9835
16.5152
17.7263
19.4317
20.3757
20.8468
21.232
20.9643
20.7727
19.803
17.4303
17.0703
15.6502
14.8072
11.7908
7.1772
5.2773
3.8781
3.421
2.6194
0.6616
0.2501
0.4714
0.4393
0.6881
1.6289
1.7789
1.5028
1.5677
1.9114
3.2143
3.7007
2.8669
1.8918
1.1727
0.9572
1.6519
1.7954
1.9452
1.9007
1.631
1.7636
1.7628
2.1424
2.4639
2.2449
2.2144
2.1784
2.8872
3.5581
4.1325
4.626
4.7747
5.284
6.0574
7.3978
6.9045
6.4409
5.9818
5.786
5.7496
5.3806
5.2608
4.9377
4.1213
3.9003
3.7599
3.847
3.8757
4.0477
4.919
7.1986
9.9862
11.2783
12.3015
13.5155
14.3798
15.063
15.6463
15.6288
15.8715
15.5195
14.3912
13.2167
12.1412
11.3892
10.7267
9.748
8.4045
7.2091
6.425
3.5175
2.6464
2.154
2.5493
3.1976
4.1423
5.3029
5.8523
5.6989
5.3623
4.4495
4.1743
3.6223
3.573
2.1924
1.8626
1.7104
2.1532
2.3009
2.2429
2.1204
1.9491
1.8105
1.748
1.5783
1.4789
0.9832
0.6379
0.694
0.8818
1.3072
1.8828
2.4801
3.8247
4.6973
5.2104
5.4559
5.6625
5.6728
5.5792
5.1477
5.0119
5.1787
5.2821
5.2306
5.2338
5.1471
5.0314
4.8774
4.7815
4.7343
4.9761
5.5467
6.982
8.4483
9.8487
11.2065
12.5005
14.1522
14.6027
15.1537
14.424
13.7598
13.632
12.7313
12.5432
11.9152
10.8048
10.3112
10.163
8.6367
7.8748
6.9604
5.9813
5.9276
7.7823
8.466
8.8538
10.725
11.262
11.1712
10.8677
11.06
10.2677
8.9415
11.0937
12.1947
10.6283
9.661
8.9728
8.898
8.2513
7.5727
6.9781
6.5379
6.2057
5.9583
5.5704
5.7261
6.2329
6.4202
7.6462
8.6445
9.3082
8.5555
7.2625
7.6338
7.3423
6.5481
5.7063
5.7057
5.3559
5.001
4.6
4.0879
4.4308
4.0513
3.4613
3.3258
3.4483
3.3768
3.3357
3.2528
3.7828
4.3322
4.3575
4.1942
4.1666
4.0562
3.8579
3.9049
3.5058
3.3784
3.4273
3.6542
3.6672
3.8041
3.8517
3.7608
3.7034
3.6346
3.3469
2.5742
2.517
2.227
1.7718
2.8533
4.1986
6.2929
7.7802
7.7542
9.0337
11.6903
11.5693
13.4677
11.5345
9.3723
11.066
11.8203
11.537
8.9968
7.6486
6.871
6.1625
6.2358
7.4936
7.3327
8.032
7.6282
7.4709
7.8881
8.9743
12.7308
14.2272
15.4298
15.9087
15.4357
16.2615
17.3052
17.0412
17.0103
16.9615
14.9193
13.0063
12.546
12.7235
12.8752
13.5703
13.3693
13.3912
13.4035
12.986
12.3512
11.604
12.941
15.514
15.5457
15.8257
17.0997
18.6427
18.4962
18.9805
20.6312
22.4832
21.6465
20.5932
19.4612
18.6327
17.2305
15.8428
14.9532
14.2128
13.6387
13.5415
12.6605
12.4638
11.9123
10.505
11.1063
13.2942
16.9123
17.3408
17.9802
17.6088
17.1537
15.476
18.237
16.0062
16.976
16.1902
15.4065
13.7398
12.9997
11.7307
10.3665
9.6903
9.0928
8.6912
8.263
8.1933
7.8093
7.741
8.5853
9.5097
10.3473
10.152
8.9458
7.9435
8.9567
10.544
10.2107
8.7013
7.9895
8.8955
9.9223
10.7162
11.2212
11.5685
10.5583
9.4652
7.949
7.5653
7.521
7.0199
6.7895
7.2434
8.0732
9.5508
10.9383
11.1115
12.471
12.5802
13.256
13.3238
14.8567
15.7308
15.5755
15.4465
15.5448
15.0113
13.5872
12.1442
11.1888
9.9937
8.5093
8.1263
7.6513
7.428
7.1467
6.7544
7.6084
9.6228
10.003
10.6158
12.4132
14.1332
15.6315
17.2323
18.218
17.1307
16.0423
15.4207
16.1755
15.6397
14.3028
13.5918
14.1567
13.0403
12.2237
11.1067
10.1227
8.968
8.782
8.543
8.4243
11.2735
12.7185
12.6878
13.5465
14.1572
15.4678
16.702
17.3672
17.0938
17.6083
17.3642
17.2033
16.4122
15.35
14.3768
12.5865
11.7135
11.1288
10.3283
9.8813
9.2462
8.5042
7.9273
8.0218
9.5547
10.2052
11.1448
11.881
13.1778
14.2725
14.2905
15.4545
15.5527
14.7248
13.2305
12.3798
11.6432
10.2808
10.0722
9.4703
9.2785
9.4725
9.3458
8.9432
8.8102
8.7768
8.528
8.7218
9.2428
9.9523
10.674
11.6662
14.5718
16.1778
17.4423
18.5707
19.5238
19.964
20.9372
19.8987
19.2435
17.2938
15.7857
14.7272
13.5937
12.9547
12.7418
13.073
12.4248
11.8372
11.5148
11.7703
12.9117
13.1662
14.06
15.5957
17.0105
17.5308
17.5455
17.0935
17.5485
16.9008
16.0862
14.892
12.0667
9.2678
9.3763
9.8327
9.6202
9.4513
11.173
11.3537
10.5517
10.592
10.4328
10.7322
13.409
15.7705
17.2312
18.7755
19.9928
20.2273
21.375
22.5313
23.4455
23.713
23.4043
22.4347
20.322
18.4075
16.5535
16.6615
15.8947
15.4173
14.543
13.4915
12.765
12.619
12.7075
13.9602
13.8795
16.7068
18.0917
18.2142
19.3982
22.8212
22.8235
23.1428
23.8705
22.8315
22.4117
21.4795
20.1955
18.5863
17.3855
16.4138
16.9553
17.2647
18.5592
16.6815
17.755
15.973
15.5997
16.5862
18.2597
20.8348
22.933
25.6075
27.931
29.274
29.2777
29.4875
29.6925
29.7163
29.2895
28.0477
26.8095
24.6525
21.9733
20.3292
19.0422
17.9428
17.2503
15.8035
14.4865
12.8557
11.087
11.8682
15.3847
14.9493
15.7767
16.9348
17.8918
18.9475
19.6747
20.6745
20.3227
20.0223
19.6492
19.235
18.9762
17.759
16.1107
14.744
14.6207
13.2463
13.2903
13.0272
12.2613
12.0518
11.4957
11.8637
13.318
16.6527
16.8825
18.2197
20.2273
20.6513
21.922
23.1527
23.7112
24.019
24.1117
22.8487
22.0582
20.7383
19.5597
18.2895
17.6513
17.4725
16.7165
16.2898
15.5562
15.6052
14.5883
15.3673
18.062
22.4138
23.9857
24.8687
27.7697
28.0915
28.7837
29.5322
29.7813
29.7548
28.819
27.717
26.9743
25.315
23.0678
21.8603
20.4675
20.2967
20.1127
19.8827
19.7715
19.4925
19.0838
19.768
21.9892
25.366
24.9937
26.4223
29.357
30.8895
31.0152
29.6308
28.9887
30.2612
30.0345
29.8608
28.4938
27.0698
24.6873
24.101
22.408
22.591
19.9323
18.8638
18.6913
18.003
17.2252
17.9517
20.058
22.1638
23.2357
25.038
25.8588
25.8242
26.9582
27.5153
27.6805
28.0082
27.9587
27.836
26.6408
23.6712
21.1328
20.2745
18.4735
17.4402
17.1578
16.152
14.9213
13.2055
12.233
13.6038
17.3722
17.796
17.5263
18.1887
19.6783
21.3295
22.673
22.489
22.4158
22.5925
22.2155
20.8793
19.3538
18.1993
17.522
17.1557
15.483
15.1292
14.8378
14.4657
11.9968
10.6762
9.8645
9.6562
9.8213
9.9925
10.2262
11.1382
11.161
11.8542
13.2675
14.669
15.928
15.9022
15.4078
15.112
14.6498
13.2352
12.9848
12.6315
11.8493
12.039
11.912
11.5923
10.9272
10.444
10.365
11.1807
12.6513
12.8167
13.6228
15.3718
17.2532
18.9922
20.3245
21.4218
22.1512
22.503
22.3617
23.0892
22.1153
19.6315
18.7532
18.0557
16.6518
14.884
14.0255
12.8848
12.2532
11.844
10.8532
12.9533
15.6138
16.4532
16.4142
16.7663
18.8537
19.5457
19.1587
22.2107
23.4695
23.3495
24.307
24.7747
23.6453
21.3288
19.5547
17.9302
16.8117
15.557
15.0875
13.9532
13.0478
11.3743
10.215
11.3652
15.3442
17.1608
18.4815
20.4267
22.845
24.5123
24.449
24.8802
25.0782
25.8225
26.9702
26.908
26.7172
24.1632
22.5697
21.1313
20.4317
18.8357
17.7303
17.2643
16.1117
14.4608
14.343
14.3575
17.169
20.8408
22.3763
22.3745
23.088
24.2228
24.8265
25.5023
25.945
26.1298
25.5535
24.7918
23.98
22.5905
20.4452
19.1973
17.9663
17.3312
16.6243
15.2083
14.572
13.9982
12.8325
13.593
17.0307
19.0747
20.3735
21.3473
22.565
23.8033
24.6933
25.5562
26.4065
26.4423
26.0463
24.6205
23.7668
22.0963
20.8835
19.6255
18.41
16.5167
16.1713
16.7027
15.427
14.141
12.5935
13.9717
16.8393
20.207
21.0967
21.1498
22.7482
23.835
25.7278
26.7648
27.8005
29.6008
30.5373
29.7837
28.2698
25.6162
23.0847
21.1478
20.4822
20.6278
19.341
18.5855
17.0953
15.7383
15.351
16.5202
19.7047
21.8992
22.3657
23.6158
24.7295
25.9933
27.064
27.241
27.0765
27.5727
27.669
26.5918
23.5485
20.6298
17.681
16.4293
15.97
15.8705
15.934
15.7902
14.3737
14.4647
13.8528
11.9235
15.1497
16.5323
17.9705
19.7067
18.7083
18.3267
18.3247
20.7087
19.1442
19.1847
20.432
19.5337
19.044
18.6238
17.5988
14.305
13.4142
13.177
12.3387
11.5685
11.174
11.3993
11.7448
12.272
15.7282
18.2003
18.8193
19.547
20.987
23.9107
25.8122
25.0373
25.9338
25.0333
23.2628
22.7347
21.7888
19.9742
19.1563
18.3325
17.414
16.5517
16.6478
15.6967
15.5285
14.2382
14.2065
15.0145
15.1082
16.3388
18.7817
20.2858
21.1535
19.868
18.7233
18.6908
20.1473
20.6343
20.135
18.9983
15.0948
14.2758
13.3882
12.2158
11.5488
10.9425
10.0048
9.7812
8.574
7.7495
7.2857
7.1045
7.7078
8.8967
9.7735
11.1613
12.9675
13.9667
14.853
15.4037
14.436
14.8205
17.0472
16.8352
15.3153
14.2423
14.3135
14.0538
13.4427
12.7982
12.8215
12.4725
11.5777
10.5645
10.5777
12.8003
16.449
17.5355
18.2953
19.5393
20.3975
20.6305
20.2123
21.4733
22.3157
21.5952
22.6263
23.5192
22.731
20.8302
18.4697
18.1882
17.336
15.0743
14.0147
13.1618
12.7973
12.9198
12.5137
13.978
17.9978
18.0962
18.5448
20.0438
21.478
23.043
24.1955
25.4843
25.5382
25.556
25.7427
25.478
24.2168
22.7655
20.8392
19.1955
18.053
17.432
17.0287
16.6675
16.0987
15.7338
15.8025
17.6362
20.6805
23.5603
26.0597
26.0118
27.8938
28.3818
28.9727
29.6123
29.914
27.8665
27.164
25.4295
25.9202
23.677
20.8607
20.2952
19.7978
19.5077
18.7547
17.9673
17.3415
17.0773
15.447
16.0433
19.9633
21.6105
22.8635
23.4173
25.4155
26.3457
26.9237
27.5975
28.8592
30.5738
30.2582
29.7013
29.1372
25.5847
23.1322
22.8157
22.4708
22.6422
18.3165
17.0193
16.2013
15.084
13.6073
14.2897
17.9323
18.5625
20.1688
21.6107
23.126
24.5545
26.2662
27.4372
28.7115
29.5535
28.9168
29.1632
27.8795
26.3247
24.1677
22.0192
22.3875
21.5158
20.9572
19.9918
19.2218
18.6398
18.5837
19.3942
23.1972
27.4615
28.1475
29.356
29.4753
29.8148
30.187
30.5387
30.4845
30.6307
30.7213
30.476
30.7263
26.6537
24.9453
23.6892
20.5315
19.1698
16.1532
14.5392
13.95
13.474
13.4292
13.5887
14.5268
16.7307
16.7683
18.1698
19.2403
20.7953
22.7282
23.2435
22.3635
23.3792
24.2173
24.0208
23.0485
21.5152
20.1098
19.0087
18.0848
17.5215
16.3737
15.7958
15.4037
14.8143
14.5182
15.506
17.8635
20.4387
21.7368
23.788
26.5957
28.3332
30.0722
32.061
32.9135
32.4658
33.6592
31.4763
31.277
28.3287
24.975
24.1812
24.3113
25.6042
24.153
23.6985
23.7023
23.3795
23.5703
23.858
24.1072
25.801
28.0717
30.5855
31.0183
31.9002
31.478
31.9188
29.972
29.1885
29.9167
28.4178
27.3725
25.2878
23.9982
22.8435
21.9523
22.156
21.9253
20.7842
19.0818
18.7
19.0477
19.8948
21.0653
23.6267
25.6662
27.9673
28.0017
29.3818
30.0442
29.4533
21.5267
21.1557
23.4865
22.9952
19.5232
16.138
16.323
15.8797
15.6392
15.9318
16.311
16.1392
16.2837
17.6202
18.0737
18.6685
20.4323
22.5263
24.6282
26.2413
26.944
27.3457
27.9745
29.4325
29
27.5815
26.6942
26.0967
25.4585
24.7792
23.1443
20.7683
19.4293
18.7578
17.853
16.9233
16.6462
16.0825
15.6697
16.384
18.605
19.6783
20.59
22.1475
23.5432
24.7642
24.9625
25.4423
26.61
26.4977
28.1848
27.9568
26.6402
24.6327
22.7285
22.9035
21.569
20.8145
20.26
17.7223
15.9922
15.0048
14.4033
17.4547
19.0693
21.073
24.9693
27.1967
29.3423
30.1077
31.178
31.9908
32.0018
29.426
27.5427
27.7405
27.5567
25.6693
24.2137
23.4032
22.7758
22.5298
22.977
23.2233
23.5437
23.4048
23.08
23.8608
26.1647
28.754
29.8432
29.8235
31.5495
32.6918
33.2742
33.6877
34.0358
34.2227
33.7177
31.125
28.1628
26.9937
26.4128
26.277
24.4187
23.2138
22.2387
21.2368
19.8798
19.4413
19.0018
18.726
21.3505
24.654
23.6338
25.0477
26.1062
26.8743
27.2255
26.432
25.738
24.1257
22.919
20.8553
20.1122
18.8555
17.9828
17.4537
17.0092
17.0328
17.7442
17.4718
17.3562
17.3583
17.4778
17.9752
20.1272
21.9368
21.9003
22.4942
24.3907
25.5353
26.4187
25.3805
24.9088
26.0265
24.0815
22.1282
20.657
19.9433
19.2255
19.18
18.9998
17.9943
16.8508
16.2737
16.5297
15.6177
15.2693
16.0175
18.987
22.0353
23.1563
23.6003
24.1165
24.535
25.8065
27.4805
26.7752
23.129
16.717
16.5588
16.4838
16.6412
16.4868
16.4173
16.4555
16.7318
16.5377
16.4877
15.7968
16.7422
18.5467
19.6342
21.4732
24.6892
25.5637
27.7245
29.398
29.509
22.1112
23.8558
27.3258
25.5498
25.5028
26.48
20.0902
17.4365
17.5673
17.375
16.8387
17.4288
18.995
19.1145
18.1033
18.0497
17.6072
18.809
22.3048
25.1407
26.2457
26.4375
27.171
27.6583
27.065
26.7877
25.584
26.9025
17.8757
17.893
18.5562
17.6638
18.1607
18.5925
18.6732
18.9908
18.2718
18.2912
18.8407
19.0127
19.6637
19.9063
22.5108
23.5918
22.4593
22.3658
23.9622
25.7787
27.784
22.364
25.7162
22.3187
20.2782
21.9975
19.4977
19.337
18.3425
18.5339
19.883
19.5728
19.64
19.1613
19.1407
18.6975
19.115
19.2903
20.222
22.1523
22.4432
24.8005
25.5297
26.5505
26.3
24.9348
25.3248
22.7137
20.6517
16.8397
17.0323
18.9483
20.3082
18.7558
17.1813
19.2148
19.9108
19.586
19.6405
19.608
16.8985
16.1468
16.1592
17.8773
19.0952
20.9237
22.5493
23.2077
22.8828
22.6847
22.4423
24.2275
23.2215
21.5487
20.4697
20.4247
16.4677
15.1665
16.1932
14.9455
15.5597
15.5037
15.302
14.9975
15.0685
15.1968
15.6618
18.1125
19.1173
21.4897
23.1038
25.0313
25.535
26.4807
27.5232
26.8223
23.6093
20.0168
21.2605
20.5303
19.4648
17.9948
18.2633
17.837
17.1202
16.8582
16.3102
16.1215
15.6587
16.7217
19.2823
23.056
24.0108
24.6537
25.756
26.7958
26.3522
21.3127
21.4378
20.3733
20.8677
21.7348
22.3588
22.2227
21.8432
22.4847
20.7228
19.7698
19.3003
19.0672
18.5488
18.0345
17.5248
18.2635
21.7287
23.0327
23.5832
24.9618
26.5222
27.361
28.0133
29.053
29.749
29.7863
29.2747
28.5023
26.6425
23.2438
22.79
21.689
21.6272
21.3085
20.2147
19.067
18.5032
18.6657
18.6602
19.432
21.7468
23.9362
25.252
26.0493
26.9987
27.8183
28.0413
30.197
30.331
28.5125
27.7865
24.9575
24.4948
23.0288
23.8772
24.1842
24.3183
22.7603
22.1075
20.6947
20.0007
19.8197
19.999
20.7368
24.1882
27.6778
27.0485
27.5655
29.0198
30.3342
31.584
32.1848
33.393
32.2218
30.3835
29.439
26.2142
24.8627
24.4402
23.6547
22.938
22.4865
22.047
21.8393
21.7823
21.237
21.061
20.9157
24.1418
25.5833
27.0232
28.3488
28.3605
29.563
30.2418
31.174
32.028
32.2945
32.3383
31.1232
29.666
29.155
27.496
25.5822
24.777
23.4205
23.2155
22.9343
22.2532
21.8855
21.604
21.5783
24.1198
27.252
27.5705
28.4628
30.4078
31.1478
30.9477
31.806
29.4493
21.603
19.3517
18.9828
20.721
21.1297
21.0873
21.5232
20.655
19.8155
19.5067
18.6027
18.6477
18.806
21.418
21.205
22.841
26.0225
28.1657
28.8217
29.1538
29.3517
30.2818
30.8187
30.9365
31.705
28.709
27.3775
26.4172
23.2
22.1343
20.4295
20.1548
19.4333
18.904
18.4953
18.4518
18.352
18.1958
19.1552
21.7065
24.5065
26.9608
27.6417
27.8717
30.74
30.6935
28.7512
26.4995
28.32
27.2645
26.4885
25.6222
24.2267
22.6935
21.7413
21.7868
22.1862
22.343
22.3557
21.8402
21.7277
21.065
21.4918
23.4047
25.9387
28.6618
28.2018
29.608
31.219
32.0238
32.853
33.3545
32.2578
31.5185
31.0188
30.0975
28.04
25.7555
24.1665
23.7298
22.3842
22.1085
22.7808
23.0643
22.5813
22.2462
23.0095
24.1837
23.8792
24.8802
27.1662
28.0867
29.8773
30.5892
31.4742
31.9602
32.0455
31.0712
30.8182
29.7672
26.681
25.4382
23.7118
22.5455
20.833
20.6622
20.1218
20.136
19.5007
19.25
19.9385
23.1623
23.7073
24.5852
27.0255
27.5657
28.8848
29.8657
31.265
31.5062
31.7747
29.6077
27.8955
27.173
25.646
24.5487
23.6972
22.5785
21.6093
21.4082
21.3937
21.3393
20.3472
20.0237
20.6305
22.7355
26.1397
25.8748
26.7413
28.938
30.7857
31.3522
29.1272
30.4445
29.8867
30.4618
29.9163
27.6837
25.9908
25.9775
26.3777
25.428
25.7015
26.1643
25.8043
24.8377
23.7573
22.4715
21.6628
21.8852
24.331
27.414
27.391
27.895
28.2652
26.3213
27.1353
24.2212
25.944
25.6553
16.7878
16.6855
18.2103
19.3828
19.3167
19.4693
19.2173
19.5577
19.5708
19.6775
20.1423
21.0888
21.1112
22.121
24.1573
26.6922
27.0488
27.5487
27.6085
28.131
28.4477
28.7277
28.9578
26.8213
23.1182
17.7398
17.8387
19.0128
20.2117
20.854
21.3732
20.9812
21.102
20.6023
20.2803
20.0367
20.5372
22.7685
25.699
25.917
25.8798
26.1943
26.5903
27.8613
27.3465
25.6293
26.8165
25.5013
24.5737
23.7707
22.3757
21.7505
20.991
20.8892
20.086
19.5588
19.543
19.4613
19.0817
19.0483
18.9835
20.6512
22.665
24.65
25.0058
26.425
28.1418
29.5023
30.2575
30.038
30.293
29.0507
27.46
25.8377
24.4137
23.6292
23.0282
22.5573
23.0992
22.6602
21.58
21.26
20.6962
21.5537
21.1593
23.902
26.9025
28.547
29.3915
29.7128
30.3985
30.9008
31.4953
31.9648
32.2927
31.961
31.07
29.5077
27.1648
25.4392
24.925
24.4767
24.0017
23.4108
22.9113
22.4595
21.5268
20.6907
21.6378
24.5102
24.836
26.4248
27.4482
29.058
30.3502
31.371
32.4198
33.302
33.598
33.0665
31.5383
29.3245
26.6962
25.2328
24.4995
24.4627
24.4202
23.9295
23.6578
23.2612
22.6588
22.7748
23.261
24.9973
26.959
28.7957
30.5727
31.0145
29.9852
28.9712
28.619
27.8823
29.2037
26.5488
26.002
25.9793
25.3578
24.2848
24.0175
23.895
23.7073
23.6312
22.978
22.3212
21.1987
19.5772
19.899
22.3792
22.8137
23.8997
25.1562
24.7732
23.3777
21.8895
22.7908
21.3633
21.279
23.1288
22.2223
21.0185
19.8215
19.141
19.5712
19.7155
18.8208
18.2348
18.5642
17.9213
17.0703
17.23
17.3393
18.135
20.8798
22.4442
24.8387
25.2438
25.9938
27.2383
26.8902
27.7553
27.4763
24.0097
23.3368
23.3252
21.4545
20.3792
19.5895
20.7605
21.3043
21.769
22.2157
21.5207
20.2315
19.091
20.286
22.3433
23.7883
24.1358
25.9103
27.6065
26.0522
25.9492
24.4982
22.1198
23.0615
23.3415
22.1583
21.819
21.4277
21.8122
21.9188
21.718
20.6078
19.6597
18.2398
17.39
15.7328
14.763
15.2877
18.8765
19.7188
21.7125
24.6507
27.0273
28.2123
29.6757
30.3047
30.4533
30.603
29.3335
29.1947
25.5735
23.7138
22.2472
21.6358
22.2943
22.0982
21.8482
21.6515
21.9962
21.42
20.58
20.4568
21.829
24.932
24.2743
26.4738
28.371
29.5037
30.7928
31.2045
31.04
30.9515
31.07
28.9057
27.5158
25.6137
23.8368
22.7755
22.6403
21.6662
19.6933
19.8165
19.9597
19.473
19.0057
19.32
22.8767
25.1212
24.4168
25.636
28.4638
30.902
31.0012
31.5882
31.5968
31.932
31.517
31.4607
29.8305
27.2318
25.4842
24.7217
24.2948
23.1898
22.542
21.5405
20.8913
19.4533
19.352
19.764
22.6348
25.1532
26.7083
26.7467
29.6472
30.4247
31.2822
31.7707
31.4008
30.5947
30.2563
28.937
26.849
25.2228
23.351
22.0417
20.4657
19.8398
18.6587
18.845
18.3585
17.2368
18.0673
18.37
20.8858
22.7213
23.3285
24.9038
26.965
29.0013
31.1465
31.4417
31.7688
30.8305
30.8712
31.6867
27.8342
22.7853
21.3995
19.1192
16.9305
15.9933
15.4683
15.3712
15.3405
14.879
14.7017
14.6658
14.9562
15.9345
17.5563
20.9992
22.0562
23.4195
25.0867
26.0632
27.2842
26.9678
27.9023
26.9767
24.9922
23.136
21.8582
20.5603
19.9837
19.4075
18.6872
18.055
16.664
16.7792
17.1085
16.987
19.2787
22.5105
23.1573
26.801
28.797
30.4845
31.02
31.7047
31.3212
30.805
30.3545
28.7525
26.2283
25.4487
25.0868
25.047
24.2487
23.225
22.7027
21.6105
20.9445
22.0075
21.261
18.1758
18.7758
19.1568
20.1113
20.5438
21.955
23.5013
24.3508
25.4357
26.4633
27.2958
27.7368
27.0642
26.1983
24.8428
23.5752
21.6612
20.1625
21.0188
20.9307
19.1835
17.7352
16.88
15.6868
14.9278
16.8415
18.6863
19.504
20.9875
22.6878
23.814
24.968
25.6462
26.2617
26.5942
26.7648
26.3065
25.6093
24.6378
23.9572
23.2685
21.907
21.1868
20.7788
20.1282
18.9657
18.7515
18.2875
18.4117
21.5845
22.0112
23.7023
25.526
27.8593
28.4382
28.5445
29.2735
28.648
27.5905
26.3135
23.7667
22.929
20.4033
20.3535
20.3748
19.2145
19.2577
19.9678
20.3893
20.1885
20.4092
21.1463
21.3517
22.573
25.5458
26.788
27.268
27.9673
29.3643
29.6682
29.644
30.558
31.2338
29.1023
28.9452
27.018
25.3892
24.3345
24.1813
23.7827
23.7637
23.088
21.0668
20.016
19.185
19.2455
20.0307
22.9445
26.9167
26.0923
24.803
25.9963
27.1628
26.6613
24.8097
25.8583
24.4143
20.7592
22.1765
20.967
20.3182
20.17
19.1007
18.0642
17.8685
17.0547
16.1568
16.1732
16.2787
16.07
16.9375
21.454
23.4088
23.7467
25.2168
25.5378
26.7648
27.8083
29.5335
30.5585
31.117
30.9872
30.6122
28.4645
25.9627
24.5007
23.8598
23.647
23.5245
23.8132
23.0563
22.6148
22.5737
21.7272
21.3657
23.3795
24.5937
28.1968
28.3013
29.624
31.3368
32.164
32.8637
32.9435
32.8882
32.8537
32.3437
30.4782
28.9057
27.5827
26.1188
25.8435
25.8173
25.3087
25.6412
25.4442
25.1055
24.1817
23.2563
21.7927
21.0425
22.4603
23.1707
24.0545
25.2607
25.565
27.0932
27.4507
26.6477
24.2547
21.2533
20.6542
19.9777
15.9562
15.7938
17.0722
17.7047
18.075
18.6985
18.204
17.418
16.4077
16.016
17.6442
19.5777
20.6305
21.4815
22.594
23.6643
24.9112
26.3288
27.9523
28.5525
28.3265
27.9712
26.9902
24.9637
23.8467
22.7722
21.6775
21.66
20.856
20.6653
19.5613
17.8625
16.9898
17.9388
20.1372
19.8327
21.0558
24.3473
26.7022
27.9252
28.1738
28.1488
29.5837
28.2415
25.5605
23.891
24.7927
23.5073
22.5513
21.9803
22.1202
22.2792
22.3958
23.3482
22.8723
22.3818
22.5063
22.5537
24.8955
27.7992
26.0362
27.8403
29.49
30.8297
30.8855
31.6918
30.9887
31.9433
31.8782
31.1405
27.4827
24.9435
23.4973
22.1955
21.9265
22.5508
22.4248
22.7913
23.0613
22.7748
22.328
23.566
25.6213
28.4127
29.3543
29.2052
30.3888
31.8648
33.3492
34.1252
33.6423
33.6477
32.754
32.4115
31.016
28.2642
26.4527
26.0077
25.4903
25.1692
25.1498
24.9468
24.5125
23.2977
22.9477
22.1797
24.3303
27.7513
29.8218
29.4808
29.52
30.5223
31.036
31.0702
31.1243
28.881
28.1378
28.1827
27.5968
26.5515
25.5253
24.4097
23.4515
22.4848
21.9283
22.1257
22.6288
22.2718
20.975
20.744
22.7778
24.611
25.0945
27.4625
29.2895
31.4075
32.281
33.4608
31.4482
31.8583
31.4337
29.3185
26.1932
23.0655
21.5447
21.9362
22.0745
22.2165
22.9202
23.4087
23.3562
22.1698
20.7978
20.5663
22.4153
25.8568
27.3928
27.8552
28.3567
29.3758
29.7893
29.3428
29.2675
28.037
27.0618
26.177
24.8038
24.0777
23.0457
23.0417
22.8877
22.8605
22.6172
22.0013
20.9807
20.635
20.7173
20.1658
22.6872
25.1535
25.057
26.6132
28.3855
28.6038
29.6858
31.4218
31.8168
30.1928
27.7625
24.0117
23.1942
23.157
23.3637
23.3122
23.7782
23.9472
23.882
23.2638
23.001
22.7712
23.2487
23.343
23.8805
27.4265
29.82
30.989
30.5855
30.5538
30.832
30.8287
28.626
27.9083
26.5607
24.2785
23.6593
22.5803
21.8093
21.3457
20.9513
20.2077
18.7987
18.0455
18.1298
18.0743
17.393
16.5257
18.5193
21.1708
21.283
21.8492
22.5735
23.2477
25.0425
26.5263
26.9233
27.5252
28.0663
27.8458
26.3445
25.6095
23.7508
22.0945
21.3123
21.5545
20.94
21.1248
20.4623
20.2295
18.931
18.7123
21.8617
25.569
28.7993
28.6997
28.894
29.1472
28.6073
29.2897
30.0672
30.76
29.7988
27.0377
25.3438
23.4008
21.964
21.0883
21.6125
20.8092
19.791
21.5343
22.2487
21.7455
22.067
21.4767
23.2373
25.6335
27.689
28.9415
30.4608
30.837
31.7692
31.7312
31.3067
31.2947
27.923
27.6952
26.2573
24.8062
23.4077
23.7775
24.0502
22.034
23.2645
23.3567
22.8017
21.4305
21.2752
21.262
22.347
23.8602
25.8387
28.5053
30.2765
30.7475
30.9692
32.0735
32.7737
31.7302
31.7378
29.7492
28.2098
27.2487
25.7297
24.82
23.7225
23.0308
22.421
21.8128
21.2675
18.878
16.0547
14.6577
14.9665
17.521
18.0468
18.7553
20.6842
22.177
23.4328
26.357
27.7295
25.0988
24.8457
22.6372
22.0937
19.9775
19.277
18.4622
18.342
17.632
18.1692
19.2223
18.9775
16.5933
13.4272
11.7302
11.8317
13.0382
13.637
14.3403
15.0378
16.103
16.8515
17.4747
18.1633
17.8777
17.7727
17.7645
17.0802
15.4527
14.8445
14.1075
12.857
12.2753
11.7963
11.0757
10.5815
9.6822
9.412
8.3672
10.0677
11.9128
13.303
14.352
15.5462
17.075
18.6292
19.8382
21.5538
21.475
21.6902
21.4958
19.8023
18.128
17.114
15.5903
15.3855
14.6393
14.1077
13.9193
13.9357
14.1453
13.9943
15.0342
17.196
20.089
19.826
21.484
24.1895
26.1653
27.3047
27.6975
27.6612
28.1845
28.2088
27.432
25.5422
22.8955
21.705
21.275
21.6397
21.5045
20.6645
20.4722
20.3788
21.8455
21.4763
17.6757
18.2627
18.437
20.3185
21.3542
21.727
21.6668
21.873
20.5673
18.6593
17.497
17.4007
17.6432
17.1398
15.3163
13.7498
13.4108
13.3038
13.2948
12.8957
12.6073
12.1148
12.1968
12.2092
12.1138
12.302
12.6145
12.501
11.7717
11.5043
11.148
11.2612
11.2388
11.179
11.2228
11.2803
11.1853
11.1865
11.501
11.5818
11.5903
11.6617
11.449
11.2587
10.9627
11.0282
11.1252
11.1875
10.849
10.7633
13.0452
17.124
16.9398
18.102
19.2937
20.0037
21.1338
22.9023
21.1355
20.695
20.3925
18.753
17.1583
16.3313
15.537
14.9877
14.44045
13.8932
13.0107
12.5852
11.9997
11.6043
11.4082
13.0413
16.4872
18.224
18.1233
19.5628
20.6872
21.4407
21.766
22.0455
21.9652
21.7243
20.984
18.58
17.6368
16.5952
16.1775
15.6628
14.4635
13.444
13.1438
12.4683
12.3222
11.8993
11.7933
13.8603
17.2087
18.481
18.1283
19.2797
20.5875
21.5577
22.3745
22.5492
23.0455
22.5062
22.0128
20.369
18.4418
16.734
16.4963
16.0815
15.9788
15.7478
15.6173
15.6563
14.9582
14.8093
13.4285
14.4155
17.5962
17.8417
19.3072
21.6765
22.6655
23.8398
24.7797
25.6665
25.0432
25.2197
24.1585
21.8102
19.8592
19.6287
19.4578
19.2307
19.0732
19.1707
19.1205
18.5493
18.3328
17.8382
18.0382
19.4527
21.2767
21.9843
23.5225
24.8883
25.7722
26.5437
25.873
26.1883
26.492
25.772
24.9728
22.5002
21.7407
20.91
19.412
17.1358
16.2667
15.4798
15.1353
14.8778
14.8653
14.7783
14.4427
15.0503
17.4975
20.443
22.0217
22.1812
23.1248
23.5223
23.7312
25.0075
23.3082
22.186
21.0557
19.3582
18.7422
17.9408
16.4822
15.5075
14.872
14.7057
14.714
14.3108
12.72
11.009
10.0112
9.6852
10.1873
10.7282
11.275
11.8808
11.6067
11.036
12.1937
12.6625
12.644
11.3122
10.734
10.3117
9.7183
9.8103
9.9183
9.411
9.4402
9.367
9.1292
9.0878
8.867
8.5132
8.3132
8.602
9.1028
9.4132
10.5188
11.8692
11.6375
11.969
12.1072
13.0982
13.8233
14.655
13.085
12.5597
12.7162
13.1955
13.3468
13.6767
12.8343
13.5828
12.8058
12.4928
11.0558
12.1365
12.5655
14.3533
17.6345
16.753
17.739
19.6925
20.93
20.9147
23.008
21.8393
22.1137
20.9728
20.1737
17.5588
16.3655
16.1422
15.5383
15.142
14.932
14.6903
14.4702
14.6537
15.4003
15.6318
15.8382
15.9853
16.8163
18.281
20.5558
21.718
21.3768
20.6062
17.4643
19.045
16.9118
13.46
14.7473
14.3492
14.3947
13.7938
12.2377
11.4135
11.6725
12.3153
12.3638
11.9882
11.9508
12.5055
12.3482
12.9977
15.0232
14.558
15.589
16.9107
18.5998
20.7083
22.1667
22.8323
23.0468
21.4108
20.1377
18.7502
18.2895
17.5867
17.5742
16.9613
16.0535
14.8088
14.6568
13.9515
14.286
14.6905
15.4272
17.0435
19.1662
20.8162
21.1475
22.4623
23.2217
23.3903
24.0687
24.9898
24.3968
25.1763
24.2178
21.5572
21.1648
19.832
18.2782
18.174
17.3007
17.5747
18.6343
19.1237
11.1612
7.599
6.9086
8.4858
11.1238
11.4922
12.2507
12.6355
13.0838
13.3198
13.7547
14.419
14.2442
13.5817
13.0768
12.1867
12.0655
11.721
11.6707
11.1553
10.9237
10.5355
9.8433
8.7268
7.3346
7.0213
6.701
8.089
9.7733
10.5263
10.9307
12.352
13.4305
14.3245
15.455
15.8507
15.8745
15.807
13.633
12.1383
11.0302
11.663
10.7382
9.3827
8.8902
8.8225
8.4122
7.8798
7.5127
7.2676
7.5717
10.2543
15.1113
15.7243
17.4705
19.0125
20.7898
22.3375
22.8328
22.7627
22.0667
22.754
20.9663
18.164
17.2815
17.0205
17.2475
17.166
17.5802
17.5817
17.3187
17.7177
17.5458
17.3833
15.476
17.22
21.4905
23.478
23.3965
23.541
23.97
24.6228
25.4382
26.5922
26.3253
25.7388
24.7255
21.2812
19.9348
20.267
19.87
19.7235
19.245
18.6917
18.2197
17.8633
17.875
17.973
18.0675
19.1788
22.7023
22.781
24.3707
24.3693
25.0208
25.7533
26.2253
26.849
26.7158
26.5448
24.579
22.6212
20.8645
20.0807
19.0352
17.5503
17.4738
17.4143
17.5425
17.609
17.5182
17.5505
16.6743
17.7165
21.6293
23.5217
24.05
24.2717
24.5395
25.6415
26.4042
26.9765
26.727
26.1323
24.949
22.3378
20.8065
21.1378
20.858
20.4997
20.0095
19.5932
19.5512
19.8102
20.0722
19.7808
18.965
20.5063
22.471
24.4165
26.8372
26.9523
27.0115
27.4962
28.2577
28.0613
27.1582
27.2385
24.6412
24.026
23.4802
23.3788
21.4013
20.1423
18.4262
17.4572
16.9893
17.0055
17.1705
17.0383
17.3232
18.745
20.706
20.12
20.7865
21.6082
22.9377
24.0112
25.3112
26.147
26.0077
25.2137
24.2882
21.6525
20.361
19.6142
19.1042
19.2895
19.3053
19.6682
18.849
18.4297
18.3862
18.646
19.7715
20.9987
23.6797
25.8243
26.153
25.8653
26.845
27.9308
28.0332
28.1383
27.7453
27.0148
26.3702
23.6618
21.9945
21.2515
20.7963
20.4698
19.5502
19.1543
18.3515
15.9917
13.8535
12.9738
11.3353
10.8765
11.0437
10.9287
12.0555
12.8413
13.7623
14.9837
16.0292
16.1422
16.443
16.0552
15.5057
14.3642
12.7997
12.1353
11.5163
10.5177
9.9792
9.4407
9.0883
9.1472
8.7452
8.6273
8.2903
9.9902
11.4953
12.3162
14.274
17.3388
19.3945
21.0378
22.7943
23.6078
23.6732
23.6268
22.0747
19.361
18.5652
18.1608
18.0865
18.5343
17.9537
18.0703
17.757
17.7593
18.0457
17.734
17.6807
18.4453
21.5563
24.2423
23.509
24.8983
25.4552
26.3233
26.5123
26.6538
24.8667
22.5195
22.3438
21.3487
20.0173
19.6373
19.4637
19.6792
18.5137
18.659
18.4107
16.9322
16.7045
16.5115
16.4913
17.714
21.4787
21.793
21.9142
23.2433
24.025
22.5377
23.96
26.4348
26.3713
23.9245
22.2933
21.2227
21.8685
20.8625
20.52
19.7712
18.7663
18.1642
17.637
17.3898
17.1577
16.7722
16.2902
16.5073
20.1632
22.3117
23.0967
22.6108
23.0107
23.7147
24.6792
25.9877
25.8742
25.4263
23.1907
21.0593
20.9528
20.115
19.0205
18.5867
18.1488
18.1852
16.6218
15.8865
15.4757
14.82
15.2338
16.8175
18.7728
21.7622
22.3507
23.5098
24.5567
23.9122
24.3278
24.1865
22.3713
21.1698
19.1588
18.4597
17.9928
18.2805
17.7155
16.7882
15.8857
15.2232
14.9948
14.5472
13.3963
12.6653
11.6098
12.1055
14.7085
16.627
17.5047
18.7072
19.2713
20.3977
21.6417
22.811
22.5468
20.741
19.5468
18.7827
17.8163
17.2878
16.4685
15.2285
15.5017
15.2722
15.688
16.1473
15.0987
13.885
14.041
15.6145
16.3515
17.647
19.2335
20.5547
20.3497
20.2295
18.7457
14.2548
11.0313
13.2518
12.2263
11.4475
10.9833
8.9362
7.5943
5.9153
5.1884
4.4615
4.2724
5.0244
4.0657
4.1786
4.4671
5.5972
8.6302
10.3962
12.3012
13.21
14.2055
15.1995
16.8735
16.0798
15.6473
14.6702
13.2142
12.3965
11.436
11.0582
10.954
10.2048
8.9098
7.6777
7.7128
4.8834
1.6422
1.1314
1.345
1.7769
1.8002
1.7548
1.9109
0.5444
1.1361
3.6728
4.4171
6.1646
6.9764
5.8179
5.6292
5.4768
5.1337
5.1007
5.0932
4.8379
4.564
3.8758
3.3125
2.6852
2.9573
2.7516
2.9421
2.8493
5.7274
6.6212
7.3506
8.6773
8.6938
9.8
9.6107
9.8862
8.9765
7.9822
7.3905
7.007
6.5738
6.4095
6.1892
6.0202
5.7372
5.48
4.7919
4.5088
3.5244
3.1799
2.9021
4.9034
10.2187
13.885
13.1332
13.286
13.8567
15.0285
16.1047
17.3295
16.5187
15.3312
14.2168
11.9688
11.0515
11.02
11.0505
10.6757
10.3653
10.7153
11.2103
11.8758
11.0313
10.6463
10.1745
9.9918
11.2278
16.4378
15.7362
17.2078
18.687
17.4025
17.5107
18.4133
17.2912
15.9143
14.2173
13.6592
12.83
11.821
11.3627
10.4897
9.438
9.7978
10.1117
11.6423
11.4698
10.8465
10.2152
10.3892
11.381
12.5852
13.9138
15.7462
16.5818
17.669
18.2508
18.8187
18.637
17.6343
15.9098
15.196
13.865
11.4582
10.9638
10.7837
10.1647
10.8418
11.1667
11.128
10.7322
10.9855
11.3672
12.8423
11.8858
16.1568
19.8072
20.6763
21.8782
23.2783
23.5552
22.7638
21.5648
20.754
19.0813
18.2732
15.6755
15.0315
13.5053
11.9662
10.6807
9.3952
8.9082
8.2775
7.9163
7.0336
6.4928
6.1069
8.3892
10.8165
12.6978
14.0975
15.7523
16.9542
18.0195
18.1698
17.3125
15.4555
13.5178
12.1893
11.7095
11.765
11.9355
12.5723
12.5538
13.2342
13.2385
13.3733
13.9277
14.9688
16.2427
15.2682
15.267
16.4722
18.406
21.4165
23.2302
24.4715
24.6368
25.6508
27.3697
26.0552
23.0565
21.0203
19.6592
18.9627
18.1105
17.5367
16.9093
17.2797
12.2998
8.5197
7.6298
6.315
5.6551
5.1504
7.513
10.639
10.1567
11.9775
13.1603
14.6598
14.8913
16.5462
16.8517
14.8803
11.6742
11.1993
10.9283
9.9245
9.6505
8.7365
7.9795
7.0128
7.0982
7.7882
8.8508
10.6645
13.0425
11.5472
10.7213
11.113
11.0062
8.9442
6.996
8.179
10.0882
9.9993
8.9063
7.0388
6.3237
5.1663
4.1575
3.0954
2.8013
2.9514
2.5321
2.3111
1.4417
1.6548
1.7095
2.3019
2.4369
2.7905
3.8492
6.1767
8.2371
8.959
9.8417
10.4633
11.2253
11.9353
11.5137
10.4565
9.187
7.7706
6.646
5.9146
4.2688
3.5661
3.0279
2.6676
2.275
1.9392
1.6357
1.2528
1.1014
2.0652
6.4763
8.1774
8.4475
9.5808
12.0513
13.5953
13.5437
14.9712
14.5665
13.3108
11.7793
9.7037
8.1407
7.0372
7.0558
6.8332
6.6079
6.5032
6.0883
5.9552
5.5563
7.2316
11.1683
12.6182
15.0027
17.0983
18.2028
19.2513
19.5903
18.4183
18.833
19.2437
19.0177
17.9492
15.8993
13.6908
12.6103
11.7205
11.8847
11.332
11.63465
11.9373
11.2252
11.3495
11.042
9.1947
7.9782
9.149
11.9942
16.136
17.0547
17.1508
19.6735
19.3713
19.411
19.8142
19.492
18.7512
16.1857
14.4722
13.672
12.7453
12.2593
11.4525
11.2898
10.9647
11.0613
11.0252
10.4748
9.3762
9.3325
10.595
14.3165
15.7388
17.0613
18.2387
18.3425
18.3082
19.1777
19.6315
17.7748
16.1887
14.2947
12.8227
11.881
11.9617
10.8088
10.3112
11.3283
13.0208
14.8258
14.7355
14.4828
13.336
11.5185
11.4423
15.2243
16.4397
18.417
19.419
20.891
21.42
22.1653
22.3818
21.7567
20.2295
17.6827
15.6427
14.7037
14.2645
14.16
13.935
13.7725
13.2275
13.36
13.4733
12.909
12.9728
13.0785
13.705
14.6023
20.3348
20.9913
20.8137
21.9372
22.7385
23.6815
23.9037
24.2885
23.123
20.1287
18.3243
16.5163
15.4045
15.146
14.4338
14.323
12.99
13.2773
12.2482
11.4725
12.8142
11.3922
10.3002
12.7757
9.78
10.8032
12.1362
11.8047
10.833
10.4395
9.6872
8.076
5.3772
3.8945
2.7595
0.6401
-0.2031
-0.7568
-1.05
-1.227
-1.366
-1.8917
-2.3832
-2.4934
-2.463
-2.6364
-2.7085
-2.7853
-3.1862
-3.1956
-3.0695
-2.9156
-3.0522
-3.0107
-3.2995
-3.2239
-3.5314
-3.8179
-3.8332
-3.8161
-3.8531
-3.6436
-4.3398
-5.0133
-5.8234
-6.5941
-6.3417
-5.9369
-6.0124
-6.0026
-5.5607
-2.7918
0.5245
1.7994
2.7952
3.9221
4.6279
6.5111
7.0645
4.8855
3.7907
2.6323
0.9921
0.7664
0.0836
-0.9725
-1.3882
-0.86
-0.3318
0.6915
1.4516
2.7667
2.1322
1.608
1.5672
2.6722
5.2541
6.5837
6.9096
8.4048
8.6428
8.92
9.9975
11.2162
9.1165
5.6515
3.8983
4.2
5.245
6.1534
6.8575
6.9147
6.3819
6.366
6.5571
6.1058
6.8375
7.3065
7.2782
8.4908
11.275
12.6563
11.3328
12.1628
13.8985
14.6893
13.8987
14.3277
12.2313
11.47
11.1248
10.7112
10.6177
10.0305
5.7731
2.8537
2.4209
2.049
1.3825
1.2976
1.0868
0.0827
0.4548
4.3413
7.716
8.5682
9.3782
11.009
12.3053
14.5127
16.5538
16.5478
15.652
13.846
13.4662
13.202
12.5658
12.1158
11.4555
11.501
11.0918
10.2908
10.5397
10.0092
10.9832
10.8415
10.789
13.0132
15.46
17.2315
19.0328
19.5745
19.9465
19.9113
19.5988
18.3427
16.6383
15.2792
13.8642
14.0618
12.6302
11.4687
10.6858
10.2038
9.1257
9.2968
9.1043
9.038
8.7288
5.9594
1.9213
2.081
1.9645
1.924
2.3039
3.0062
3.6816
6.1909
5.5084
4.3811
3.3715
2.8799
2.7056
1.4457
-0.7751
-1.8931
-2.8408
-3.4181
-3.7766
-3.882
-3.9442
-4.0771
-4.0909
-4.0828
-4.0558
-4.0661
-3.6183
-2.8527
-3.0773
-3.1425
-2.7248
-2.831
-2.641
-2.208
-2.835
-3.9099
-4.5252
-5.3818
-5.6768
-5.9984
-6.4249
-6.1051
-5.7218
-4.9409
-4.2119
-4.2232
-3.8532
-3.5098
-3.2488
-0.8484
0.3398
0.2333
0.2128
1.2297
3.2072
2.9171
5.0926
5.7673
2.7119
1.0756
-0.2452
-0.444
-0.7809
-0.5744
0.4988
4.3279
8.157
8.3812
8.1708
7.6553
6.7189
5.8282
6.2232
7.715
9.6577
12.2443
14.078
14.733
16.2217
17.4132
18.0045
18.4185
16.4673
14.0902
12.4918
11.529
9.9185
10.6868
10.2493
9.5897
9.0652
9.0012
8.8587
8.1112
7.9067
8.427
6.6732
9.8695
10.8225
12.2748
13.3955
13.909
13.3473
9.122
7.8277
8.4762
8.744
6.0773
6.1154
5.252
4.5727
4.6217
3.9642
2.6887
1.0965
-0.0132
-0.1682
-0.4047
-0.9154
-1.7659
-1.7111
0.467
3.1008
2.7072
3.798
5.0055
6.155
8.0236
9.0202
7.5086
6.0064
4.4131
2.9165
2.4179
1.9085
1.2803
0.4718
0.3062
0.1896
0.1843
-0.4945
-0.7916
-1.0636
-1.6123
-1.7973
-1.5554
1.1683
2.4938
3.0703
3.3953
3.4562
3.715
3.4457
2.3399
1.5373
0.4285
0.5144
0.1963
0.1998
0.2461
0.2311
-0.1248
-0.1959
-0.7075
-0.7078
-0.8317
-0.7554
-1.6539
-1.833
0.0419
2.8358
2.9108
3.3912
3.7485
4.0078
4.6224
5.2433
4.7317
3.5395
2.4713
1.1168
0.4913
0.1573
-0.8236
-1.6194
-2.3955
-2.5865
-2.3246
-2.3457
-2.2178
-2.2771
-2.3416
-2.92
-0.971
3.3088
2.7682
3.4526
3.7738
5.3198
5.7198
5.5107
5.0317
4.2663
2.284
1.705
2.5778
3.3293
3.3883
3.1378
2.4134
1.6023
2.9739
3.4137
4.9678
5.8967
5.9188
5.9541
8.4309
10.7887
12.2622
12.9085
13.6128
14.8977
17.1975
16.8752
13.8488
11.9745
11.361
11.4487
11.173
10.8785
11.0268
9.1895
9.17335
9.1572
8.1078
7.1176
6.4874
6.4945
7.4257
6.3531
6.5376
9.4562
14.427
15.1758
13.1498
16.1565
16.4492
14.8725
14.184
12.8463
10.932
9.1965
8.5028
8.1925
9.2597
8.72
9.3238
10.7092
10.2377
9.8817
8.5763
8.2671
7.0554
8.485
9.884
12.3665
14.4105
14.8932
14.8982
13.993
15.0505
14.029
12.7533
12.0387
10.5705
9.4162
9.0787
8.9172
8.9858
9.4057
9.5703
9.1295
5.9239
4.5701
4.6744
4.76
4.4617
5.0972
6.7982
9.1067
10.3285
12.1672
13.274
12.136
11.9062
11.3508
10.3278
8.5822
7.6652
7.8755
6.7875
4.1702
4.2188
5.1237
6.1134
5.8038
4.8492
3.7428
3.6844
3.0392
3.1064
3.4754
3.6546
7.4852
9.7062
10.2192
11.0263
11.7038
11.2525
10.8235
9.8148
8.9153
7.4208
7.3078
7.061
7.6216
7.0107
6.5834
6.4633
6.3778
5.7358
5.8362
5.8957
6.1336
5.7897
5.9466
6.3496
8.2742
9.7678
10.2078
10.7517
11.4175
11.0865
11.4078
9.843
7.6078
6.7015
5.0932
3.7943
2.5775
1.8681
-0.0154
-3.6705
-5.1002
-5.4027
-6.7574
-7.9508
-8.3155
-8.5992
-8.66
-6.3674
-0.8846
2.3592
2.9663
1.7138
1.9592
2.1666
2.3997
1.9745
0.5621
-1.1769
-2.2651
-2.5869
-2.312
-2.0565
-2.5853
-2.6705
-2.8459
-1.6701
-1.6987
-1.1555
-0.3706
-0.0438
1.8999
4.5829
9.3717
10.6462
9.9053
11.6755
13.962
14.1618
13.7785
14.5923
12.5237
11.4207
10.9107
9.1093
9.6955
9.0128
8.5505
8.93
9.3095
8.6218
8.462
10.342
10.6772
10.6975
10.5608
10.7047
12.581
13.9855
15.241
17.0538
18.04
18.7007
18.7483
18.4453
15.3305
12.3175
11.6087
10.1032
8.9383
8.536
8.8602
9.3358
8.8121
-0.5323
-2.3181
-3.5554
-3.9798
-4.1322
-3.8286
-2.7316
-0.2191
1.3089
2.6881
3.5632
5.0275
5.8331
5.8175
4.3992
3.4349
2.378
1.3826
1.1152
0.4101
-0.5235
-1.3453
-2.3086
-2.9741
-3.7709
-4.1172
-4.0958
-4.2864
-4.3691
-4.7113
-3.3755
-0.999
-0.173
0.7197
2.9713
3.5436
4.4185
5.7465
4.5773
2.7229
1.6296
0.9361
0.9062
0.7298
1.255
-0.1711
-0.587
0.105
2.1155
1.7565
0.7049
2.9975
2.146
-1.033
0.3291
1.1591
4.283
5.9414
8.2946
8.7102
9.0207
10.121
9.6303
7.5506
6.1075
5.5134
5.6546
5.8422
6.0083
5.0413
4.8367
4.3246
4.038
4.496
3.8764
3.8644
4.7097
4.874
6.3255
8.898
10.6877
12.4722
10.5837
10.6123
13.4633
13.1303
12.9182
10.6978
9.7132
9.1253
7.4496
7.2794
7.4541
7.0948
7.1217
7.3639
7.8848
8.241
8.6828
10.3983
10.3683
9.0398
9.2668
10.1608
10.6382
13.9175
15.7203
16.9915
18.2422
19.6213
18.0843
14.7865
12.1728
10.9113
10.2333
10.1088
10.2637
10.335
10.3498
10.3778
10.5302
10.0648
10.5463
10.4615
9.9565
10.038
9.1317
10.2362
14.49
16.412
18.8557
19.028
19.0107
18.0697
17.0382
14.4712
12.8263
11.2248
10.0338
9.6735
9.6872
9.1323
10.3195
10.6015
10.7775
10.1307
9.6092
9.5258
9.4878
8.6722
9.5607
9.6398
9.1567
9.3937
9.755
10.1853
11.648
11.096
10.2255
8.1639
5.4525
4.2225
3.6423
3.1734
2.8435
1.5963
0.7495
-1.7534
-2.5652
-2.6343
-4.3489
-5.2865
-5.68
-5.4997
-4.5669
-1.4916
0.2031
1.1669
1.6741
2.2686
2.7162
3.216
3.2887
0.7653
-1.2361
-1.5636
-1.9555
-1.5909
0.488
1.5909
2.8508
2.5711
2.3555
2.4149
2.5888
1.7306
1.7048
3.1763
5.9207
10.2202
7.3485
10.6298
13.34
15.704
17.1445
17.2333
15.7252
13.4707
12.4722
12.6088
13.2497
13.7122
14.4428
14.5248
14.4153
14.3058
14.9902
14.9435
14.1097
14.616
15.3442
14.685
15.6675
14.3108
14.2335
14.1503
15.4813
16.137
15.4102
13.6195
12.44
11.2013
9.6988
8.0668
6.2831
5.1328
4.2971
2.7743
2.4147
2.3294
1.9882
2.0236
0.553
0.8342
0.5951
0.3881
2.0197
4.4085
5.8865
7.9046
9.6772
11.0645
11.3493
11.641
10.7918
8.6568
6.7488
6.2604
6.5758
6.8195
7.3084
6.7079
6.8794
7.5138
7.5907
8.2103
8.6713
9.6402
8.6482
9.835
9.5343
8.9845
10.8738
14.7418
14.9942
14.2322
14.0718
13.4367
11.4555
9.5893
8.6848
8.6717
7.6941
6.2347
4.4332
2.7889
1.39805
0.0072
-0.9897
-1.4117
-2.0966
-2.7123
-3.2049
-3.2389
-3.2924
-3.2761
-4.5183
-5.4431
-5.6497
-6.0448
-6.1205
-6.688
-7.1151
-7.7177
-8.0283
-7.9353
-7.8492
-7.9475
-7.9717
-8.3595
-8.6637
-9.223
-10.4592
-9.961
-9.7973
-9.2707
-8.5125
-6.9539
-4.8367
-0.6013
2.1646
4.2836
3.7919
6.4034
7.1554
5.2878
3.5813
1.449
-1.0797
-2.2166
-0.8646
-1.3669
-1.7514
-2.6414
-3.4102
-4.0874
-4.709
-4.7425
-4.8778
-5.1917
-6.3614
-7.4683
-7.5152
-7.3012
-6.8419
-7.1131
-6.6049
-5.7565
-5.9914
-4.7768
-4.8889
-7.7125
-9.2952
-9.9778
-10.0163
-10.2577
-10.1953
-9.8752
-9.9545
-10.6097
-10.2487
-9.5705
-10.4463
-10.4873
-9.7233
-6.1487
-6.0525
-6.5354
-6.6069
-5.641
-3.662
-2.1782
-1.5848
-3.8261
-5.2458
-6.3734
-7.595
-8.7437
-9.0592
-10.0617
-11.828
-12.4092
-13.3248
-14.3703
-15.185
-15.6713
-15.6715
-15.2673
-15.043
-15.1167
-15.8027
-15.3777
-13.4678
-13.1145
-12.3797
-12.2568
-11.596
-12.9633
-13.6373
-15.1783
-15.942
-16.556
-16.6138
-16.7795
-16.9635
-16.9247
-17.2048
-15.856
-14.7017
-13.5168
-12.1397
-10.7815
-10.6828
-10.5348
-9.372
-5.6385
-2.022
-2.2811
-0.4497
0.4709
1.6567
1.3436
0.7023
-2.1054
-2.6166
-1.3442
-0.5554
-0.1617
1.593
2.094
1.0731
2.5076
3.3651
0.9101
0.5893
2.074
0.8477
1.3653
-0.3641
-0.1877
0.9691
4.1369
5.2833
6.4386
6.3602
7.1105
5.4259
1.1429
0.4824
0.2899
0.0133
-0.5392
-1.7238
-2.0828
-2.2471
-2.2586
-2.0636
-2.4226
-2.4743
-3.2667
-2.8303
-2.7251
-2.8092
-2.6263
-2.3182
1.3446
1.9658
2.0604
2.0905
1.3825
0.8511
-1.4416
-3.7866
-4.6067
-5.3945
-5.0183
-4.9859
-5.323
-5.47845
-5.6339
-6.1778
-6.4405
-6.6386
-6.2657
-6.2012
-6.4864
-7.0175
-4.549
-1.3485
0.6974
2.1505
2.9756
4.1557
1.7343
-1.3222
-2.7716
-4.0782
-4.3157
-4.3151
-4.6243
-4.9622
-5.0235
-5.8612
-5.6109
-5.4951
-4.7983
-4.7374
-3.2842
-2.277
-1.2092
-0.5176
2.6538
4.6123
3.6537
5.4219
7.1619
6.6821
7.347
7.5405
4.3158
2.8856
1.6548
1.5169
1.5375
1.6923
0.9659
0.8892
0.0532
0.0333
-0.7199
-1.05
0.3432
0.8695
-0.0946
0.2917
2.7725
5.2803
8.2987
9.2827
8.622
9.0105
8.9823
8.605
5.5792
3.8093
3.3828
2.8911
2.2634
0.8925
1.8516
1.5674
0.1387
-0.6446
-0.8654
-1.2498
-1.0661
-1.6862
-2.3058
-2.2009
-1.1816
0.5657
2.2639
2.4461
2.4
1.7603
1.1738
0.0423
-1.032
-1.8655
-2.2432
-2.3659
-2.7535
-3.0531
-2.9537
-3.6316
-3.8067
-4.3137
-4.2963
-4.5961
-4.8211
-5.3839
-5.3011
-4.7219
-1.7996
-0.5295
0.933
3.4515
4.5329
6.015
4.9483
2.4011
1.1128
-0.874
-1.2078
0.2467
0.3106
0.2578
0.0105
-0.2229
0.2068
0.6223
1.0616
-0.0905
-0.4315
0.388
1.2558
1.6298
2.5427
4.9312
5.6942
6.8744
7.8223
8.0592
6.6762
5.6173
3.8132
2.7572
2.5845
2.0321
0.0791
-0.3751
-0.6756
-0.7799
-2.0638
-2.9837
-1.6101
-2.2424
-1.7822
-2.4701
-3.4464
-3.5629
-1.8153
0.8057
1.1413
1.4235
2.282
2.2778
2.9327
1.9524
-0.5791
-1.4203
-1.986
-1.8615
-2.4279
-2.6426
-3.056
-2.88275
-2.7095
-2.7039
-2.7704
-3.2297
-2.7023
-3.4579
-3.5149
-4.0383
-1.755
2.4548
3.5889
3.5162
3.68
3.7589
4.3759
3.977
1.6697
-0.2537
-0.4851
-1.1758
-1.8266
-1.4937
-1.5526
-1.2809
-2.3209
-2.8076
-2.8432
-2.7147
-0.5115
-0.8783
-1.6779
-1.3788
1.7341
2.6728
2.5718
3.9792
5.3754
5.7148
5.3966
4.9878
2.7861
1.8499
1.389
0.9123
1.7608
1.6308
0.4841
1.5212
1.0477
1.2995
0.9118
1.0891
3.6587
4.4885
4.9729
5.2267
7.7679
10.725
14.6428
16.3153
15.6453
15.8772
16.5692
16.202
12.3678
10.247
9.282
9.6795
8.7557
7.0262
5.1074
5.2164
4.7241
3.2295
2.995
1.3354
0.9813
0.0526
0.0676
-0.0728
-0.1294
-0.5824
-2.3339
-4.4456
-4.4651
-4.2776
-4.0887
-4.1553
-4.6251
-5.0928
-5.4908
-5.5271
-5.5059
-5.7624
-5.8997
-6.3219
-6.0542
-5.3069
-5.3455
-5.6838
-5.7411
-6.9374
-7.0501
-4.9579
-2.3497
-0.2356
1.7972
2.9143
4.1853
5.6861
4.845
4.6848
3.011
0.7317
0.5219
2.2173
3.1065
1.1285
0.2229
0.256
-1.1209
-1.6838
-1.2589
-0.6952
-0.4957
-0.4815
-1.3021
-0.2133
3.1044
4.749
4.3826
3.8591
3.8263
1.6188
-1.2967
-0.8931
-0.8812
-1.5552
-2.2313
-2.1622
-3.3655
-3.8742
-4.2038
-4.1203
-4.2584
-4.7122
-5.1321
-5.3686
-6.0839
-6.2446
-6.4983
-7.0464
-7.474
-7.7333
-6.905
-6.5395
-4.0221
-4.4787
-6.6242
-7.8082
-8.182
-9.002
-9.3683
-9.369
-9.6655
-11.075
-11.2293
-11.0515
-9.0722
-7.395
-6.0875
-5.3435
-4.9437
-4.4148
-4.0933
-3.6689
-2.426
-0.4737
2.8067
6.8029
6.6676
6.3137
5.497
3.8803
1.4693
-0.6187
-1.341
-0.4615
0.2336
0.5695
0.5892
0.0798
-0.332
-0.6013
-0.5438
-0.932
-0.8801
-0.6572
-1.4353
-1.4149
0.6451
2.3914
6.5941
8.3523
7.1847
7.3672
7.2133
5.7926
5.3133
3.3713
3.3188
2.66
2.2905
0.9768
-0.4811
-0.1165
-0.9054
-1.041
-1.7324
-2.4224
-2.5838
-2.7707
-3.397
-2.7407
-0.7309
2.0114
5.5362
3.6902
6.1481
7.3938
7.041
6.5474
4.3626
2.3331
2.1953
2.0333
1.1892
2.6289
4.0846
4.7969
4.7711
6.3335
6.3486
6.3009
7.5844
8.1228
7.5561
8.2412
7.8515
7.4794
7.8405
8.14
8.0977
8.2087
9.2138
6.2436
3.8571
2.7514
2.2188
1.3185
1.1045
0.91
0.1709
-0.4402
-1.4538
-1.3539
-1.0903
-2.4813
-0.631
0.7101
-1.0439
1.5633
1.9972
2.8084
7.9164
7.9421
8.689
10.2867
10.8625
8.7758
7.0753
5.7674
5.3
4.352
4.4836
4.7947
4.7795
4.5464
4.8228
4.496
3.6507
2.957
3.7398
3.3126
3.1503
3.9838
5.1604
7.2229
8.7047
10.7315
11.1808
9.8655
9.3032
9.3175
9.4562
9.905
10.4013
10.264
9.0647
10.2353
8.762
9.4535
9.0135
8.4212
10.1405
10.5655
10.5385
9.415
9.7128
10.2622
10.8425
11.6648
11.439
12.0732
13.3187
13.8393
12.9388
11.8388
11.1275
10.2263
9.639
9.1593
8.785
8.2872
8.0275
7.8957
7.4129
7.3955
5.4965
3.7653
3.902
3.9938
4.7003
7.171
8.9275
10.7537
9.1398
12.0195
12.6935
12.7905
13.5195
13.8567
12.555
10.2238
9.7403
8.6143
8.1011
6.4043
6.6468
7.7382
8.2167
8.195
10.2473
12.5463
12.4612
11.7387
10.2343
3.4792
1.2706
0.9249
1.3401
1.3527
1.7241
1.9706
1.5223
1.5469
0.6018
-0.0474
0.0405
-0.5583
-1.5066
-2.6756
-3.127

