-12.564475
-11.032875
-8.89565
-6.967425
-8.299475
-7.794625
-3.679025
-4.35945
1.601
4.3073
0.121875
-1.874625
-3.780725
-3.245975
-2.9554
-1.288975
-5.351625
-7.709025
-8.79465
-8.342975
2.27575
5.226825
1.700275
1.524175
2.044675
2.7085
5.19665
5.223725
3.766825
3.51945
4.087225
3.5589
9.36415
11.87085
9.4602
9.821325
8.70005
7.5945
4.1559
5.995175
0.61115
1.238
-1.257525
-0.9983
6.99295
8.51715
4.51495
1.4058
-0.2014
-2.3963
-5.501125
-6.3601
-7.6466
-10.539175
-13.5318
-15.87325
-11.76635
-10.12515
-13.973225
-13.345975
-13.25905
-13.18755
-10.4453
-9.472375
-13.223575
-14.41295
-15.169225
-12.90715
-8.528275
-0.7535
1.6624
3.55905
5.537825
5.894125
8.079075
11.201625
7.3888
6.464425
6.2842
3.661125
8.0158
11.122
6.551075
5.264775
5.37265
5.9436
7.602275
8.1204
6.623375
4.0265
4.122925
1.6033
6.419975
9.84365
10.1103
10.58955
10.77215
10.21955
9.1602
10.1465
6.212675
4.88655
4.71375
3.8402
7.09715
8.961375
6.3004
5.231525
-0.38985
-4.108425
-0.276525
-0.547125
-8.14795
-8.928225
-9.8013
-10.66735
-6.315225
-0.52945
2.09625
3.82295
4.2165
2.44755
3.15245
5.403
3.2506
2.08195
4.52555
5.6979
5.417425
4.24755
0.6408
-0.96665
-3.517925
-4.2545
5.473375
5.681575
3.84345
3.83525
2.082825
-0.650825
-1.11535
0.642025
-1.2238
-3.311
-4.15725
-3.279375
0.626375
3.778225
2.5014
-0.347675
-0.69215
-0.613775
3.016325
6.523775
4.82955
5.702225
6.912375
6.098575
8.894675
12.01995
9.225725
8.275525
9.99255
9.972775
15.335375
17.68025
12.179475
7.190775
6.915875
8.3809
12.269925
12.7465
6.0537
1.832125
-0.35415
-1.0967
0.8234
3.9524
1.226875
-2.076625
-3.1056
-5.531275
-12.58375
-14.357375
-15.9472
-18.151575
-21.562075
-24.41475
-22.810525
-21.1534
-22.071425
-24.399275
-25.286625
-26.459975
-19.9602
-15.329125
-17.426475
-17.2673
-14.536775
-10.469725
-3.9098
-0.973225
-2.84335
-1.908
-2.919775
-1.690825
4.161375
3.643375
1.90405
3.911525
5.1813
4.274975
2.784575
0.08465
-1.984225
-3.003875
-5.02515
-5.52305
-5.120225
-3.453925
-6.410375
-8.31005
-10.480675
-9.57535
-3.298475
2.7568
1.958325
-5.96435
-15.235625
-16.739125
-17.01945
-16.412125
-17.69965
-19.447275
-20.6137
-18.718025
-10.67445
-6.60815
-7.452725
-7.63105
-11.177175
-6.47095
-2.184325
1.398075
-0.71
-0.796325
-1.0762
-1.01165
2.432325
4.40865
2.679925
2.125825
2.357225
4.6176
9.40895
9.63525
9.26065
9.507725
9.131
10.481775
13.07715
16.189375
11.6658
7.580975
5.12215
2.63
5.130775
11.2453
9.8361
8.919125
8.93645
8.75445
12.345
17.5312
12.9382
9.44305
8.8433
9.859425
13.930125
16.654125
11.335425
9.402825
8.17345
5.497075
4.42115
8.1752
5.80165
0.323975
-2.08635
-1.143075
5.0881
9.4309
7.7964
4.5598
3.57785
2.8993
5.6291
11.499225
9.029025
4.78105
4.551275
3.172275
4.738325
5.5365
2.961575
-6.47895
-7.4829
-8.4284
1.061225
6.7948
4.095975
-0.0561
-2.5521
-3.009125
5.06955
8.38805
6.57105
2.84675
1.019875
-0.66405
5.137325
7.973775
4.39205
1.225175
-1.7378
-5.869925
-1.696975
2.3086
1.084275
-6.432675
-8.269275
-9.2505
-8.022575
-6.971375
-6.7586
-6.439475
-4.33075
2.472475
8.668775
12.422875
8.536575
5.69615
6.07115
4.28365
5.440325
5.321475
3.713775
-1.167775
-0.7567
1.8706
8.4171
16.20975
13.563625
6.7268
3.6741
3.13925
10.318125
13.631925
10.17675
5.32865
2.6626
-0.342825
4.939725
11.45825
11.367175
9.0755
9.123225
8.403225
13.7928
12.975725
8.620525
4.4887
2.222875
2.01945
4.2607
5.997025
3.01245
1.3245
-1.14565
-0.22345
5.2399
8.702025
6.403925
5.3725
4.6344
2.423725
7.90945
7.9338
3.717875
-0.917
-3.26805
-5.857925
-6.57705
-6.3348
-5.9678
-6.680375
-7.52805
-7.421675
-6.328925
-2.55025
-1.491275
1.150075
1.578975
1.122275
5.786925
9.3965
8.456425
7.111775
6.123175
7.23495
14.2082
18.542825
15.730375
10.0827
10.08295
12.658725
15.8925
18.26335
14.3824
7.1282
2.91195
2.1339
7.69795
10.232375
7.039825
4.1109
2.63915
1.19925
6.73315
10.97335
8.3884
3.813325
2.44395
2.77545
6.91505
16.0988
13.941875
9.788825
6.871225
4.69455
5.5679
10.1538
11.03355
8.11415
8.36225
9.8019
15.26505
21.487875
19.76055
14.771525
14.8618
7.038425
8.16815
12.50855
8.54375
0.57905
-0.928575
-1.25635
4.141175
10.2015
10.1226
5.837175
4.406575
2.57155
10.81615
19.133925
16.3748
10.461
8.621375
8.693375
14.292875
16.442675
14.69965
11.15275
7.3867
4.575275
9.5077
19.713625
17.919
14.827575
8.96825
5.05535
6.964075
8.314975
5.264175
3.837225
3.140575
3.460775
8.289875
12.21135
9.9759
3.375825
-0.502925
-2.45235
3.141325
6.726875
6.437325
4.80095
2.572975
3.25505
9.094275
9.895
8.417275
3.9414
0.317675
-0.31315
7.116075
9.385225
7.83455
4.6187
1.757475
0.28035
6.019375
11.8423
8.92245
2.70545
-0.03015
-0.2191
2.86485
7.701075
6.101325
3.193725
-0.31285
0.509725
3.9124
7.36365
6.93135
4.0618
4.21145
3.852425
7.1299
10.085325
9.002375
9.4415
9.8977
10.51405
14.118225
16.600275
15.310825
13.7618
11.960625
13.40495
13.514425
16.936125
16.9658
12.771925
10.575825
10.984675
21.208925
25.0723
22.043625
19.28245
16.948125
14.911725
8.266925
-0.6562
-1.954225
-2.910075
-4.341
-3.182975
2.634775
8.18175
7.982075
8.224525
8.332175
11.68575
18.200475
21.603025
18.54925
13.670775
7.61435
3.899825
3.02755
6.259225
6.76715
5.696275
4.17135
2.48105
6.813525
11.972375
11.518525
7.7635
8.738975
3.790425
8.977575
20.61935
18.673825
13.118175
7.719825
6.5476
10.586475
17.8204
14.889575
5.6196
3.923
2.9926
7.171475
9.4412
6.685775
4.501375
4.36785
5.618625
10.551275
15.3814
14.21585
8.841425
6.44075
7.0839
13.778325
14.81405
13.677725
10.52895
5.0971
3.524875
4.0815
6.537125
5.5957
2.927175
0.865575
-0.486425
-0.1793
7.43055
7.409725
1.331925
1.114025
1.649275
5.758375
10.2818
9.960825
7.7863
8.58645
9.264725
14.182975
16.7138
14.73475
10.260675
10.008675
12.379325
17.4564
19.13925
15.550625
11.517675
8.3985
9.1348
14.320375
14.19885
10.021
4.272175
4.997325
7.4477
11.5918
11.61865
8.896575
5.722075
1.005925
-0.124675
3.6958
6.831
6.253925
4.443675
3.0883
3.3903
11.35915
17.943275
14.9267
8.339875
7.242075
7.939
11.393725
14.06955
12.086625
6.2954
2.945975
0.041925
2.538625
7.53405
5.175975
2.2601
1.019575
0.565225
3.518475
6.490925
3.4075
2.15865
2.1229
1.9012
5.949
11.386425
10.377825
4.793075
2.622525
5.574325
8.3485
7.79335
6.662375
2.431075
2.11885
3.8562
7.819325
10.906375
8.17265
5.5603
3.671775
5.7613
14.3593
18.320625
16.622675
11.76225
9.796575
11.671625
17.922975
14.7298
8.03
0.744225
0.490675
0.606225
4.6417
5.821025
4.19945
0.978375
0.93705
2.007825
4.94835
6.78145
4.788725
1.782
0.24485
1.2396
5.7262
6.04065
6.8299
3.4205
6.191825
9.876625
15.7173
16.94775
15.679175
11.11175
7.5821
9.568725
13.3906
11.5829
10.3095
5.7014
2.24605
4.20405
12.655125
17.84605
18.385775
12.90575
11.53685
13.71605
20.859925
23.121925
21.07915
16.045125
12.535725
13.335875
20.69695
26.248375
24.464925
17.420875
14.1486
16.8882
23.487275
26.7138
24.8411
18.5427
16.68955
14.84705
21.441925
24.956
18.215575
11.982325
7.647925
9.248075
17.164175
20.8547
18.769075
12.35635
3.79895
0.4556
1.399675
2.598525
1.72215
1.8233
1.82495
2.2754
3.80095
5.878475
6.2783
5.332175
3.907125
5.01025
11.770375
15.179475
14.749725
11.001275
6.389025
2.636825
5.2491
4.4021
2.3346
2.20435
1.771475
0.9485
1.637975
4.797075
5.51555
5.175825
5.072425
5.00965
9.121375
14.102275
13.636775
11.3936
8.408725
7.0393
10.503
10.284225
10.894425
8.4237
6.42
5.9874
8.5386
7.196675
5.442225
4.2925
3.40305
3.675875
4.193625
3.66175
3.6382
3.737625
2.666275
3.77915
9.0646
11.48595
10.855025
6.729475
7.621625
9.266025
15.25035
16.90455
14.358275
13.134575
13.032975
13.901175
17.516075
20.93535
18.9794
14.661875
12.644525
12.95445
17.520875
16.6738
14.58405
10.220075
8.2392
9.045825
8.9995
9.361375
10.1888
9.88525
7.223925
8.951425
12.354675
14.8717
14.89745
10.459
7.588075
8.49715
13.198425
17.155825
15.384675
13.253125
9.74485
10.239825
13.964825
17.192825
16.582425
12.4514
9.49
8.92725
12.619025
15.005625
11.883575
9.573375
8.969
9.111225
13.27245
18.8752
19.3433
14.265325
12.5192
12.34075
16.04925
17.272075
13.078175
9.570125
10.9176
12.586125
19.0567
22.7662
21.142125
16.13175
13.354625
14.3135
19.631325
23.167075
20.66825
17.004825
17.242175
17.8201
26.436375
29.5435
27.1998
19.821875
15.099
13.3223
17.3877
20.17355
18.90485
14.680425
12.65765
13.332525
18.9952
23.201225
22.439225
18.24325
16.041925
17.60785
26.1789
29.463
27.206325
21.423075
19.81485
21.55175
27.915625
29.973975
28.864725
23.446825
18.8726
19.349675
24.989175
27.54055
26.526675
19.33025
15.35915
15.25125
19.1807
22.542575
20.161975
16.322475
12.994125
9.833625
11.0949
14.941675
14.6012
12.37615
11.218875
11.753425
16.31
21.600125
21.799425
17.086175
12.751875
13.968375
17.894975
22.0471
23.51395
17.4634
13.3657
13.5213
21.566375
25.057475
26.18965
20.7421
16.391775
16.677575
23.0154
25.6009
24.22895
18.735
15.1007
15.632725
22.022275
25.774575
24.132475
18.858925
15.6105
15.902875
22.207425
27.473475
28.55175
21.335625
17.690025
18.368775
24.176075
27.23855
24.609775
16.4877
15.14065
14.364575
18.67805
19.340575
19.408375
14.62375
11.620125
14.486325
20.816
25.45415
21.940125
17.863625
15.5278
15.167
20.02225
19.548925
17.125975
12.023825
9.027375
7.748675
11.96725
14.8783
15.86
13.65205
11.85905
14.340625
19.71565
21.399125
22.426675
17.26705
13.2234
15.646425
20.7774
25.1935
24.55075
18.879925
16.382175
19.419875
27.086775
29.091375
25.547675
20.11535
17.7852
18.266025
24.5105
28.48855
28.67035
22.765225
16.655275
16.09795
22.365
27.9921
28.07105
22.52255
19.70265
22.15915
29.1984
30.460225
29.644325
22.08395
14.5291
14.56885
18.743425
22.9286
23.20045
18.6812
15.596875
17.0816
25.113425
31.878125
31.1853
24.767925
23.733325
24.334125
30.393925
30.639325
27.7487
22.7375
20.122825
20.908625
27.75425
25.544975
20.535725
15.943425
16.588525
19.9252
26.2898
28.497125
25.75715
20.524925
16.87625
17.58425
22.761225
25.878125
26.853625
22.003875
17.244825
18.000075
27.904
31.14915
27.1273
23.230625
23.2872
25.464875
30.977
33.8051
29.9998
25.080575
20.69915
20.933075
25.4155
25.8803
20.6855
17.369625
17.482625
19.37925
23.580125
25.683625
21.7025
18.8499
16.317975
18.077275
23.852025
25.7978
16.6002
16.52285
16.3911
21.085825
28.0488
24.71065
22.377375
17.30245
18.565625
20.965425
26.878125
26.5848
17.997175
18.6043
18.6041
21.41815
23.6415
24.545725
20.2776
19.08305
19.159875
20.1949
24.830975
24.818325
18.368
18.865025
19.686325
16.77045
21.443975
23.059325
21.41615
15.693225
15.340725
16.0099
22.185525
26.5903
21.354225
18.389975
16.602525
18.679675
25.304075
22.369
21.796
21.205125
18.7377
20.137425
25.60705
29.1504
26.915825
21.853675
19.11265
20.9438
26.529575
29.27045
25.0669
23.785
20.65565
23.15045
28.492
32.3459
27.72485
23.37985
21.7264
22.92545
28.323875
31.434575
30.570625
25.318925
22.572125
23.638525
29.397225
28.4515
20.0463
20.77025
18.890775
22.871625
28.873225
30.9355
26.425925
20.537975
18.550775
20.891
28.30355
28.56605
25.900475
22.10195
22.06665
22.97505
29.42265
32.622275
30.1687
24.009
22.633725
23.32965
27.5026
31.517275
29.5844
23.132125
20.105175
21.514525
27.0153
31.1029
27.58055
23.108425
21.1221
22.38235
28.08495
30.20265
28.51315
25.871175
25.1409
22.587625
27.7413
25.90545
19.334725
19.346525
19.737075
22.119575
27.22455
28.56605
21.3795
20.362925
20.74145
22.26035
26.14535
26.9134
24.05535
20.929175
19.4112
20.337
26.05565
30.0227
26.690525
23.078475
21.5491
23.379375
29.51245
31.6634
29.925875
24.71065
22.5771
22.918675
28.3203
32.6727
30.156375
24.6538
23.376825
24.498025
30.092025
28.66905
25.971975
23.97615
22.532275
21.167275
24.3017
21.83065
21.547775
19.312125
17.94765
18.396025
24.630125
27.340025
23.03155
20.508375
21.434225
21.37715
25.9262
23.907175
22.186625
21.5142
17.755575
17.1615
25.4007
30.259175
26.953875
22.068875
21.728975
21.94945
27.1557
30.9972
28.2763
22.7297
19.735625
21.5809
27.35465
31.52955
30.01
24.422625
21.106775
21.726
28.381725
31.2621
27.816275
21.42455
18.27475
20.0111
26.04965
31.296875
28.29435
18.360625
15.26475
15.06455
21.0078
26.350475
25.7518
20.452425
17.54635
18.971175
27.30995
31.212725
27.696
24.401875
21.8163
19.34235
21.52785
25.8864
26.460525
21.604425
18.68235
16.5356
21.748325
25.867525
25.8296
22.579875
19.65605
20.073725
26.38145
28.514125
23.353125
19.800125
20.2387
22.6542
27.8469
30.276
27.613675
24.01555
20.83895
22.28435
26.0136
25.4359
21.055225
18.80085
16.41585
19.467575
25.316525
29.754325
29.00665
23.883
23.0145
22.766525
29.364725
32.71485
31.145325
26.340575
25.3749
22.5683
23.73655
26.68915
21.534975
16.631725
18.098875
17.4114
22.092575
26.9362
27.0629
22.4891
19.736275
18.724625
25.007625
28.53695
24.437875
22.23275
22.749525
24.438675
28.54905
31.377325
28.861225
22.542525
22.76305
24.982
30.203275
33.6911
31.111425
25.779975
24.4767
24.30225
29.836225
30.527875
27.6172
23.967825
22.23865
22.27695
28.3135
32.262075
27.502725
21.942975
22.963725
22.40905
28.245125
29.10915
25.530075
22.9589
21.55855
22.18095
27.164875
30.7793
24.53135
23.600325
23.2295
24.474675
30.487075
29.54875
24.2697
21.0785
18.262075
18.4022
22.23835
26.504325
26.966525
22.178025
20.68915
21.2685
28.88505
29.68105
26.395275
21.3685
21.329875
23.103625
29.482075
31.52545
26.670425
23.31735
22.71335
22.1861
28.842
31.88665
29.236375
24.32575
21.094825
15.799975
19.915825
25.654525
22.388525
18.4283
18.240575
12.506825
14.779525
17.5918
17.017525
13.521075
10.783925
9.939925
15.06905
20.37405
20.279075
15.682275
14.027
16.578375
22.9162
27.711975
26.019625
21.53105
20.84025
18.962925
21.266625
19.64915
16.875
13.4398
12.45365
12.309875
11.73125
11.22545
11.288275
11.5707
11.0937
11.46125
17.864875
21.293825
19.2497
15.3241125
12.8722
13.13525
19.149325
21.80435
19.731275
15.72475
12.844575
13.6904
19.119125
22.381725
20.83245
16.32265
15.4949
15.062375
20.372725
24.8323
22.7619
19.3476
18.793325
19.15145
24.041825
26.27425
23.746425
18.431125
15.08955
15.4422
21.942675
23.8923
20.335525
16.200625
14.112625
10.223175
11.372675
12.13405
10.51905
9.64495
9.11275
8.6328
10.859675
12.749425
13.253975
13.263325
12.4843
14.17245
18.778625
21.968925
18.7677
15.438625
14.803625
16.0679
20.4829
18.506825
14.2378
12.279375
12.154525
13.21865
16.414375
22.188525
19.64705
17.043925
14.425775
16.58185
21.911925
24.2114
23.029025
18.396225
16.623475
8.5293
12.36555
13.934425
12.727675
11.367675
9.11005
7.89615
11.809875
15.376175
13.152125
10.168525
8.1568
10.051225
18.249275
22.499925
19.79145
17.25355
17.540975
17.89245
23.596375
25.744625
22.920075
19.776375
18.162425
19.4804
24.13545
26.38585
23.652375
18.535
17.521
18.39265
24.095725
26.4373
23.5564
20.62625
19.7567
20.430775
26.304375
27.74335
24.846475
20.83715
17.155625
18.453125
21.3631
25.369275
22.87885
19.3283
18.833275
20.773975
26.1719
27.9619
24.760325
20.51695
16.83775
11.557325
12.39695
15.899525
14.6812
11.037125
9.10535
9.600775
15.830875
22.778275
20.906925
18.183825
17.908075
18.854075
24.5262
26.089025
21.557325
19.323475
17.6766
18.048875
22.743875
24.82595
22.32725
19.98
17.587175
17.433225
22.757475
25.06395
22.657275
18.96775
16.5423
16.411025
23.04485
23.69945
19.195275
17.167475
14.540375
12.772275
18.02755
21.8493
19.2217
16.121625
15.55155
14.973
19.446225
16.065325
11.977225
6.90855
4.456
5.718275
12.528225
15.950025
12.929225
10.2817
5.479025
1.513375
1.33655
5.307725
5.5144
4.89895
3.2077
3.5676
7.835725
9.56835
7.238375
6.089025
4.576275
5.301025
13.540225
16.24535
13.142075
10.777875
11.208175
10.5101
17.0172
17.654425
14.1552
10.77785
10.7554
10.707975
14.70675
18.343875
15.651275
10.8426
10.967175
11.7702
19.629625
22.790525
18.446
12.795925
8.6243
7.005625
13.341025
17.614
13.218025
12.20665
13.443425
15.436675
19.881225
25.5322
22.4478
17.8798
11.43225
6.158375
11.483375
15.73725
12.170525
9.07275
7.6875
11.493875
9.51485
9.2932
5.671575
2.84505
1.779275
2.844625
8.303625
11.2844
8.515025
4.19435
2.129375
2.723925
9.56425
14.169175
10.733625
6.883525
6.02575
11.5052
18.535675
18.878175
15.0374
11.6429625
11.3885
9.579025
17.50375
19.522125
15.770275
11.936725
10.8815
10.90505
17.345325
18.72305
13.796775
11.1025
14.266225
12.880275
18.791675
21.93095
17.06465
14.033
13.24245
13.58965
21.01925
23.65305
19.523075
14.826825
12.497
11.820575
11.131025
9.758925
3.167825
-0.809225
-2.033575
-2.6483
-3.091725
-3.146575
-3.74965
-4.21245
-6.174025
-5.091875
2.2603
5.77225
2.045375
-0.784275
1.1445
1.9949
6.78805
9.694125
5.716575
6.29265
6.3527
7.47825
11.856725
14.20355
11.384325
7.31875
1.7875
1.4914
9.16785
14.9799
14.04155
11.909525
10.482875
11.406725
17.8247
19.449825
14.960875
11.247125
9.1412
4.672625
2.29965
4.9405
2.600675
-2.231775
-3.919975
-4.0739
-3.1727
-2.6012
-4.162975
-6.0513
-4.77445
-2.86505
0.5039
4.24605
0.774575
0.86785
8.091075
6.621325
12.67825
17.514475
13.644575
10.111075
8.759075
8.2191
12.60045
9.6933
6.547175
3.961825
0.1276
-0.98135
3.652875
7.67685
3.938475
0.9917
-0.22805
-1.50715
2.531925
3.2392
0.669125
0.13805
-0.610725
-1.0501
3.221575
4.6513
1.904725
-1.1703
-2.36865
-2.127425
3.32585
5.3955
2.708275
3.0672
3.239425
6.550125
12.39305
15.7048
11.4893
10.0670375
7.7175
6.702725
13.0522
15.41555
10.3694
8.874
9.851225
8.422875
14.1421
13.95645
10.276025
9.21975
6.074475
5.279275
11.2191
11.4302
7.7276
4.906525
4.52005
3.3189
9.609225
10.89865
7.676225
6.91975
5.961375
6.054875
9.750375
10.9387
5.7992
0.189925
-6.302775
-7.985525
1.538675
2.125
-1.3667
-2.406075
-1.84255
1.5171
10.399675
14.12365
10.9911
9.0472
9.183825
10.66005
14.715325
18.483575
12.339975
8.917575
0.601575
-3.66805
1.835275
5.269325
2.077675
-0.941825
-3.7395
-4.185575
0.62975
4.571475
1.5487
0.306675
1.170475
1.1099
4.919525
9.37055
6.206525
5.432125
4.18375
4.9434
10.6604
12.531025
9.246475
7.2375
8.043125
9.7683
12.6092
18.234825
12.025975
10.264325
10.379775
9.896925
14.998475
18.28665
12.139025
9.703125
10.279725
9.311625
9.4863
10.7887
5.3703
2.090675
-2.82545
-5.258275
0.388125
2.872375
-0.997475
0.8347
2.482575
3.1331
10.384625
16.45175
12.95035
14.273775
14.5873
15.078175
14.543975
14.401675
8.8125
3.654725
1.72355
0.959275
6.9692
11.21165
7.06045
6.9288
7.996525
9.414425
12.398575
13.29905
8.659975
3.7137125
-1.1227
-3.112125
-4.7218
-6.4921
-7.882625
-8.2356
-9.860125
-7.39345
2.4097
5.606975
-0.677975
-2.292475
-4.604175
-6.63415
-6.965275
-5.3534
-9.25045
-10.070675
-10.2188
-8.10295
-5.611325
-3.208725
-7.942825
-11.905925
-15.224525
-15.307425
-13.584925
-12.61335
-16.072525
-16.968125
-14.05355
-10.342775
-2.597825
1.043375
-1.6554
1.1496
1.843025
0.980725
2.5504
6.3338
0.482125
-1.648225
-2.304775
-2.907825
-0.408525
1.596125
-3.80735
-5.2014125
-6.2227
-6.4927
-0.7624
1.88585
-3.87015
-5.1178
-5.160425
-1.822
4.085425
7.182875
2.593275
1.271225
-0.42085
0.35245
6.40855
8.80495
3.9156
1.643725
-0.655275
-1.81475
1.023525
1.3441
-1.87665
-3.097975
-4.2532
-5.057
0.51385
4.474325
-0.180575
0.089
0.45005
0.710525
5.010625
7.04375
2.79675
-0.437875
-2.225
-2.8154
0.3888
2.361225
-1.461725
-2.7523125
-2.853375
-3.42835
1.951225
3.94795
-0.061225
-1.53845
-2.6716
-1.111625
2.739475
5.36865
1.734325
1.349225
1.087025
4.5867
12.36275
16.073425
10.394075
6.526425
3.071
0.257175
-1.872825
-4.246675
-5.18395
-5.872475
-5.5976
-6.171625
0.53155
4.8503
1.620475
1.178475
-1.1897
-0.62315
4.023775
0.813825
-1.707475
-3.89095
-4.867825
-6.4683
-7.16295
-5.7333
-8.980325
-10.755325
-6.97455
-4.280175
1.677475
5.58965
-0.237975
0.368025
-0.602275
-1.096875
4.495725
6.88945
3.66585
0.667425
-1.5253
-2.87305
2.626725
6.782575
2.731075
3.1749
5.938525
7.876125
7.82785
7.94095
2.53645
0.4363
-1.594825
0.149625
5.166025
9.6535
5.623675
4.65105
3.981625
3.546625
7.954875
9.91675
10.006625
9.378875
9.535175
9.982125
11.504875
12.9839
10.038025
8.24885
6.01755
4.941775
10.210125
13.21505
10.28335
7.2226
9.801325
9.47835
1.222075
1.690975
0.00915
-1.8273
