837
837
824
824
823
825
825
828
831
835
839
830
832
831
821
820
814
818
830
830
848
852
849
847
846
846
843
839
835
832
828
829
831
835
823
829
829
831
831
832
828
824
819
820
819
814
810
808
807
801
801
799
796
797
802
823
832
836
824
819
805
802
806
805
808
806
808
805
807
806
794
787
786
772
783
785
792
790
791
795
796
794
791
798
797
796
789
789
776
771
759
763
751
748
758
771
768
762
761
768
769
761
771
764
758
736
754
763
785
791
783
762
762
769
784
785
795
795
799
808
813
799
797
802
795
780
779
778
786
783
786
775
777
776
776
773
777
775
782
783
774
787
787
776
771
766
769
772
762
760
769
760
775
780
780
771
769
767
769
772
770
769
770
772
772
775
778
780
777
782
783
785
785
784
782
782
772
773
771
773
769
746
742
738
740
743
739
741
737
734
720
721
717
721
715
706
695
698
694
699
692
684
680
668
675
702
697
696
694
692
710
719
718
718
719
729
728
717
717
722
730
734
736
733
724
725
720
704
710
700
707
706
716
711
713
715
723
713
711
701
696
692
698
693
691
706
708
723
719
759
753
754
767
759
753
752
743
736
739
740
746
738
745
750
745
751
745
734
735
738
741
742
738
738
736
728
730
727
713
705
694
695
711
712
719
719
698
705
706
700
696
706
701
697
708
691
682
683
684
678
683
684
708
727
765
752
743
731
700
713
712
725
707
698
702
694
715
701
726
716
714
726
744
743
742
759
771
777
763
748
750
750
748
739
749
758
743
748
739
749
752
762
763
767
753
762
767
743
750
748
748
756
757
738
740
725
729
717
731
735
728
725
734
731
728
722
721
711
717
713
708
713
702
652
643
650
666
662
662
651
652
647
644
639
642
645
641
627
611
608
595
595
612
626
622
623
635
629
643
636
635
623
626
621
613
615
601
606
614
598
618
630
638
629
582
590
612
647
661
656
661
657
656
660
661
634
635
643
644
629
631
626
633
632
628
627
624
644
662
662
663
673
580
560
561
547
530
521
517
525
523
523
522
521
522
532
535
538
540
538
537
537
529
528
527
532
535
537
527
527
533
537
540
539
534
532
540
540
532
540
543
539
537
532
534
538
530
529
536
538
531
524
531
541
538
537
549
554
555
565
547
539
534
535
524
534
533
530
539
540
541
542
537
537
536
543
548
552
548
555
559
570
559
560
558
560
551
555
547
556
551
555
569
568
575
573
574
571
558
555
544
536
532
539
543
540
543
549
543
536
537
528
531
528
523
529
528
535
511
510
519
535
540
534
518
507
508
502
501
496
493
496
503
501
502
514
525
526
530
530
534
529
531
525
516
511
505
495
514
519
528
526
533
527
525
537
531
534
534
542
540
541
539
538
535
537
535
537
544
545
547
550
547
541
542
546
554
555
559
550
549
549
541
540
544
533
527
521
511
525
530
538
533
544
561
573
564
577
575
570
568
577
576
577
575
588
581
587
596
589
585
580
573
576
581
583
581
590
586
582
578
577
572
569
571
578
580
583
583
584
587
582
573
575
575
563
568
569
563
566
565
573
566
572
587
586
591
589
593
596
595
589
595
574
583
585
585
579
571
576
571
582
585
582
583
575
577
576
579
565
565
556
555
553
543
544
552
551
559
561
562
556
554
545
545
554
560
560
562
566
553
545
539
530
529
521
520
527
533
530
519
511
510
515
528
528
531
527
528
517
516
525
527
535
529
536